 0.00000000e+00
 -1.22814353e+00
 -5.46999472e-01
 6.81858785e-03
 -3.60728051e-01
 1.16181028e+00
 5.23894242e-01
 -6.91150835e-03
 6.03121440e-01
 2.57619953e-01
 2.77103466e+00
 1.21128663e+00
 9.91187458e-01
 -2.66014146e+00
 -2.42294981e-01
 5.69582296e-02
 3.92460695e-01
 3.29413840e-01
 4.67307804e-01
 1.76620524e+00
 3.89286163e-01
 5.45992163e-01
 -7.39745356e-03
 7.49809822e-01
 -8.60708462e-01
 6.96923593e-01
 8.73995768e-01
 9.64565546e-01
 2.34936311e-01
 -3.79282018e-02
 3.72282217e-01
 9.94042176e-01
 4.38779823e-01
 -2.92719236e-01
 -3.45610684e-01
 4.14866800e-01
 6.95027640e-01
 1.63932666e+00
 2.91411076e-01
 -1.18233313e-01
 7.58908361e-01
 1.96082252e+00
 -5.23609727e-01
 -1.16716943e+00
 -7.37078064e-01
 -1.44382355e+00
 -2.13787333e+00
 -1.36664839e+00
 -9.68670353e-01
 5.17016011e-01
 -3.59932739e-01
 1.24245628e+00
 -1.81632657e-01
 8.88412552e-01
 8.42076637e-01
 -7.68519309e-03
 -1.21496531e+00
 1.93978961e+00
 -5.32528968e-01
 3.54726100e-01
 1.15708562e+00
 6.24767970e-02
 6.03182653e-01
 -6.28241500e-02
 4.48413366e-01
 1.10418743e-01
 1.23795693e+00
 -5.49277910e-01
 7.32979980e-01
 4.40528413e-01
 -7.22064526e-02
 1.13665783e+00
 4.14000052e-01
 3.33936038e-01
 7.20106327e-01
 -2.29624278e-01
 -2.12804661e-01
 -2.53204006e-01
 -2.11925699e-01
 -1.53661893e+00
 -5.36838024e-01
 -1.99647307e-01
 -6.36453319e-01
 2.38006984e-02
 4.93037277e-01
 -3.81899167e-01
 8.05121106e-01
 1.06114247e+00
 2.42586638e-01
 1.05284792e-01
 3.08325161e-01
 8.31825498e-01
 7.63819451e-01
 1.15962643e+00
 -8.79088587e-01
 -3.46445961e-01
 -1.59471802e+00
 -7.36514479e-01
 6.55340999e-01
 1.04348230e+00
 6.90076707e-01
 6.61147593e-01
 -3.88890585e-01
 3.30452963e-02
 -4.69988747e-01
 3.54372282e-01
 -2.96759274e-01
 -1.04071998e+00
 -4.07106191e-01
 4.87747941e-02
 1.62979696e+00
 -1.40151579e-01
 -5.76591176e-02
 1.38362430e+00
 -1.40832637e+00
 -9.42862969e-01
 -1.83016108e+00
 -3.12804206e-01
 5.78175113e-01
 -3.77761162e-01
 -1.08589017e+00
 -8.94169691e-01
 -1.23810671e+00
 -3.26755148e-01
 -3.72228446e-01
 3.56693276e-01
 -1.07424434e+00
 3.84563007e-02
 -8.50493670e-01
 -1.20655618e+00
 -5.34362395e-01
 6.17393729e-01
 2.26781236e-01
 -1.27869044e+00
 -9.82223272e-01
 -4.36046460e-01
 -1.26808117e+00
 -4.86937172e-01
 1.16073264e-01
 -7.25843802e-03
 -8.38497179e-01
 7.07933272e-01
 2.61294588e-01
 9.45204666e-02
 -7.17619654e-01
 -4.32477165e-01
 -1.37875046e+00
 -1.61174778e+00
 7.21716647e-01
 2.10994492e-02
 -1.19558304e+00
 -1.66762591e+00
 -1.50203467e-01
 8.42754232e-01
 1.37634699e-02
 -5.01117822e-01
 -8.21303381e-02
 5.07572970e-01
 -4.12527669e-02
 5.51467706e-01
 -1.18867111e+00
 -1.08659795e+00
 -1.85269300e+00
 -3.04218585e-01
 -4.41362621e-01
 -5.17778449e-01
 1.89740488e-01
 2.22941760e-01
 -1.34920587e+00
 6.47345727e-02
 -4.32866318e-01
 -3.47418442e-01
 -9.39201791e-01
 -7.47047631e-01
 1.14839431e+00
 1.91553633e-02
 1.09199170e+00
 -9.00219404e-01
 5.13342560e-01
 -8.07230913e-01
 4.02736042e-01
 -7.33834609e-01
 -1.35016060e+00
 4.77216755e-01
 -7.58604277e-01
 -5.04307308e-01
 -2.48313603e-02
 -7.29463868e-01
 -4.66705921e-01
 -2.01892608e-01
 -6.63623616e-01
 -1.43193680e+00
 -3.87048460e-01
 4.04953677e-01
 6.10963144e-01
 4.33837313e-01
 1.06952853e+00
 7.73645003e-01
 1.15435027e+00
 2.34072876e+00
 1.42043186e+00
 2.41026129e-01
 -8.37659846e-01
 -1.22744509e-01
 -2.57882049e-01
 -7.11894309e-01
 6.60403560e-01
 -2.57346815e-02
 -1.07445179e+00
 4.01457613e-01
 5.50851696e-01
 6.83483675e-01
 9.43125471e-01
 8.53672679e-01
 8.28152635e-01
 -1.59565062e-01
 1.25710375e+00
 4.18207883e-01
 -6.13200276e-01
 1.20990729e+00
 -1.90259978e-01
 -2.50843909e-01
 -6.07458572e-01
 9.66976811e-01
 3.26754249e-01
 -1.36281071e-01
 6.14771292e-01
 -4.23924324e-01
 1.21513209e+00
 -3.10363601e-01
 -8.25982077e-02
 6.07339030e-01
 3.25915392e-01
 4.52512257e-01
 1.46203486e+00
 2.26837677e-01
 2.77152223e-01
 -9.95783793e-02
 -4.11491947e-01
 1.27524146e-01
 -9.91994452e-02
 2.18351160e+00
 6.51501805e-02
 2.14389412e+00
 1.04773674e+00
 5.69121714e-01
 3.83645661e-01
 1.28192828e-01
 4.46115015e-01
 -4.46115015e-01
 -1.39415363e+00
 6.34817296e-01
 7.44246742e-01
 6.58396019e-01
 -3.56193875e-01
 1.35533822e+00
 -7.71159440e-01
 3.20002610e-01
 1.26652050e+00
 7.90475714e-01
 6.39697443e-01
 2.42821970e-01
 6.52812256e-01
 7.10218755e-02
 3.24128169e-01
 2.29841079e-01
 4.61128442e-01
 7.11362612e-01
 5.06324289e-01
 1.43496036e+00
 -1.46717663e+00
 -1.36815101e-01
 -4.73525112e-01
 -8.00583681e-02
 -7.17926957e-01
 -7.95077046e-03
 -1.68833626e+00
 1.08575418e+00
 4.83389402e-01
 -5.46627053e-01
 4.43431102e-01
 3.49669896e-01
 1.00750029e+00
 -2.96805897e-01
 1.10297330e+00
 5.43409609e-01
 -3.25165291e-02
 4.88740332e-01
 8.27537631e-01
 9.74556094e-01
 -3.31730554e-02
 -1.49159220e-01
 -3.63789586e-01
 1.01156113e+00
 -1.17653534e+00
 -8.23971348e-02
 -2.79702448e-01
 1.89134793e-01
 4.12255753e-01
 1.01222445e+00
 -8.96523812e-01
 -2.23031444e-01
 6.62110848e-01
 -7.36357335e-01
 4.71050125e-01
 -9.15509823e-01
 1.31509855e-01
 -4.59616132e-01
 8.22058234e-01
 1.37789573e+00
 6.61624998e-01
 5.13492433e-01
 -3.45386308e-01
 8.10337869e-01
 -3.38331948e-01
 1.36783539e+00
 1.40136371e+00
 -6.03866269e-01
 9.32981681e-01
 -2.07969252e-01
 -2.24886628e-01
 -2.23391176e+00
 8.85023521e-01
 -6.13425883e-01
 1.16141646e+00
 -1.37238767e-01
 1.06782629e+00
 1.64479098e-01
 -1.60033794e+00
 -1.35928966e+00
 1.52126923e-01
 2.45514937e-01
 -1.69102772e+00
 -1.75691288e+00
 -1.72562777e-01
 1.47894819e-01
 -3.61179348e-01
 1.39409656e-01
 3.94558462e-01
 -1.68363876e+00
 -1.21021889e+00
 1.08860426e+00
 1.09931092e+00
 5.72956340e-02
 -4.24930017e-01
 3.43088028e-01
 1.47358401e-01
 -2.02147255e+00
 3.78774447e-01
 1.00553389e+00
 -1.27966988e+00
 -2.97558638e-01
 -1.67384756e+00
 9.85294482e-01
 -2.71040019e-01
 -9.59203212e-01
 -1.09161439e+00
 5.09106610e-01
 2.98737514e-01
 3.93685083e-02
 -8.86276091e-01
 1.97846972e+00
 1.22370527e+00
 1.33496113e+00
 -3.49438769e-01
 2.43440988e-02
 1.03544276e+00
 -1.69087876e+00
 8.87842294e-02
 6.15355857e-01
 -4.87040895e-02
 -2.67494065e-01
 1.57355563e+00
 -4.26135536e-01
 3.27653600e-01
 -5.80931161e-01
 -1.18522543e+00
 -3.86931551e-01
 2.25546589e-01
 8.58011912e-01
 4.96759826e-01
 2.08400051e+00
 4.74839593e-01
 1.87680534e+00
 -7.10550081e-01
 0.00000000e+00
 -5.13267424e-01
 -6.78028624e-01
 9.18430015e-02
 -8.35240889e-03
 4.01603765e-01
 8.58095261e-01
 7.87976360e-01
 2.51794741e+00
 1.24871539e+00
 -3.85620843e-01
 4.37576537e-02
 -1.04575332e+00
 -1.18268154e+00
 -1.57831301e+00
 8.47408415e-03
 -1.68255302e+00
 -1.53465891e+00
 -1.77399484e+00
 -3.07789114e-01
 6.32695192e-01
 -4.05985434e-01
 3.24670517e-01
 2.27830529e-01
 -2.52867624e+00
 -1.23510091e+00
 -3.14460554e-01
 5.35122994e-01
 -1.53533167e+00
 1.79597075e+00
 2.07539299e+00
 4.52140168e-01
 8.77185100e-01
 3.42988394e-01
 -4.48939693e-01
 1.20391465e+00
 1.58362498e+00
 -5.99557258e-01
 6.64622078e-02
 -8.30989473e-03
 6.41637510e-01
 -5.58511308e-01
 -4.23311191e-01
 -2.48284677e+00
 -1.27319615e+00
 -7.18757685e-01
 -8.95849043e-01
 2.76694745e-01
 1.11379714e+00
 3.12284210e-01
 3.69469563e-01
 -1.69260049e+00
 -1.30737363e+00
 -1.40825981e-01
 9.02872557e-01
 -7.22895847e-01
 1.80275015e-01
 -6.25759079e-01
 1.11320835e+00
 8.38445528e-01
 3.49922522e-01
 1.10473106e+00
 6.43812424e-02
 3.22466252e-01
 -1.29098613e-01
 8.87392222e-02
 -2.07077593e+00
 -5.45169725e-01
 -6.20858992e-01
 4.47606316e-01
 8.84883056e-01
 8.68077691e-01
 4.79829440e-02
 -6.77821503e-01
 -1.16245950e+00
 -1.57744224e+00
 9.30704353e-02
 -1.09620896e+00
 9.64382857e-01
 5.20484905e-01
 6.95280910e-01
 2.75382895e+00
 -5.69093933e-01
 -5.82086699e-01
 -2.46260446e-01
 7.64406882e-01
 -1.00219927e+00
 -3.95820323e-02
 1.12171241e+00
 9.47566938e-01
 -9.23576333e-01
 -6.39633830e-02
 -1.33472679e+00
 -5.67091204e-01
 -9.69789196e-01
 -2.79934869e-01
 -1.47451580e-01
 -1.85967088e-01
 -2.00184651e+00
 -8.77768515e-01
 -7.50879173e-01
 -8.19802914e-01
 -4.00103236e-01
 -6.19334348e-01
 -8.27339593e-01
 -8.56893613e-01
 -8.67407975e-02
 2.74932449e-01
 1.15844668e+00
 -1.61068744e-01
 1.91229461e+00
 1.45567619e+00
 6.44181239e-01
 -2.05046946e-01
 -5.59954636e-01
 2.26651567e-01
 9.95431349e-01
 -9.92010231e-02
 7.96201992e-01
 -8.57202877e-01
 8.57202877e-01
 4.85210936e-01
 -1.52520693e+00
 1.36322614e+00
 2.62377078e-01
 5.96580933e-01
 4.98378627e-01
 1.72287136e+00
 5.55189300e-02
 8.12182566e-01
 7.19510021e-02
 -4.46935581e-01
 1.50761732e+00
 2.42244071e-02
 -1.37202058e-01
 -4.58799771e-01
 2.41001877e-02
 -6.40885042e-01
 -3.98674822e-01
 -2.92142785e+00
 1.75762558e+00
 -1.13594967e+00
 4.29481946e-01
 7.30095647e-01
 1.62675115e+00
 -6.21798491e-01
 1.58998184e-02
 9.74247274e-01
 -1.25216285e+00
 1.90494987e-01
 4.37798391e-01
 7.68339866e-01
 1.06522266e+00
 2.51646982e-01
 2.14960280e+00
 1.05682342e+00
 4.27155758e-01
 6.90143018e-01
 1.65791343e+00
 -1.02710475e-01
 -2.73453437e-01
 8.48078222e-01
 -7.73526574e-02
 -1.45971327e-01
 -8.72018326e-01
 1.70470746e-01
 -5.36138661e-01
 -8.71238716e-01
 -8.06145661e-01
 -2.22085716e+00
 -5.40314710e-01
 -4.07608784e-01
 -8.02716800e-01
 -2.42349397e-02
 6.46382142e-02
 1.13207077e-01
 -6.37309985e-01
 -1.00098702e+00
 -2.46848108e-01
 1.99036887e+00
 6.48023824e-02
 8.62190823e-01
 4.66381136e-01
 6.08366595e-01
 1.81975752e+00
 5.87813865e-01
 7.43243924e-01
 1.01722493e-01
 2.54697319e-01
 6.30650243e-01
 1.51374138e+00
 -1.55646064e+00
 1.41803839e+00
 -4.40137117e-01
 -6.78537469e-01
 -4.28132863e-02
 -8.69976393e-01
 7.67288503e-01
 -3.92801533e-01
 -2.04415159e-01
 -6.53413144e-01
 -3.63294927e-01
 -3.37368614e-02
 -4.96475216e-01
 -4.19070602e-01
 -1.15701900e+00
 -7.84057018e-01
 -7.13295267e-01
 -7.25044573e-01
 -6.07369102e-01
 -1.47618045e+00
 -1.44095435e+00
 -1.23570220e+00
 -1.37540846e+00
 -1.73630886e+00
 -1.38073857e+00
 -6.53974491e-01
 -1.36885894e+00
 -3.94033391e-01
 -1.20188014e+00
 -1.66333274e+00
 -8.88150204e-01
 -1.64937043e+00
 -1.52707662e+00
 -8.18667818e-01
 -2.36893455e+00
 -1.33126801e+00
 -1.79685426e+00
 -1.50649073e+00
 -5.85749226e-01
 -1.74691072e+00
 -1.10777684e+00
 -1.07619129e+00
 -1.32681376e+00
 -1.28363254e+00
 -1.45744040e+00
 -1.39914593e+00
 -1.04096104e+00
 -1.56402883e+00
 -1.13086788e+00
 -2.01773436e+00
 -1.26075024e+00
 -1.54625388e+00
 -1.43202396e+00
 -1.57831997e+00
 -1.93457720e+00
 -1.15569640e+00
 -2.05985152e+00
 -1.03838618e+00
 -1.57600016e+00
 -1.96752044e+00
 -2.36721428e+00
 -1.24851069e+00
 -1.36734767e+00
 -1.08099050e-01
 8.10565481e-02
 8.11630246e-02
 -3.47972021e-02
 4.25325732e-02
 3.64656235e-01
 -4.03323419e-01
 2.09090370e-01
 -4.44437505e-01
 2.27616599e-01
 -5.23416456e-01
 -1.91317883e-01
 5.71893618e-01
 3.01510118e-01
 -2.20478897e-01
 -3.08122209e-01
 1.61572127e-01
 -3.49538157e-01
 3.45686273e-01
 2.39272577e-01
 -1.77613546e-01
 -4.23972047e-02
 3.46864543e-02
 -6.55024876e-02
 -7.70160199e-03
 6.54943026e-02
 3.09144512e-01
 -4.55447567e-01
 -5.38136482e-02
 -1.15253762e-02
 7.68334423e-03
 4.99651354e-02
 -2.83876096e-01
 4.21148725e-02
 -7.65510009e-02
 1.24417474e+00
 2.42453186e-01
 2.39464121e-01
 -1.88507564e-01
 7.97151067e-01
 -7.61849113e-01
 9.88623835e-01
 7.57724217e-02
 3.40093505e-01
 2.49219081e-01
 -1.68932181e-01
 8.36943532e-01
 6.75010364e-01
 -6.57644294e-02
 5.36269727e-01
 -3.42897002e-01
 6.79275407e-01
 -1.08161710e-01
 1.08161710e-01
 4.51202877e-01
 -5.59364588e-01
 2.08161803e-01
 7.21145750e-01
 -2.44058499e-01
 -6.71682505e-02
 4.58939642e-01
 3.80365224e-02
 6.11558824e-01
 3.29325014e-01
 -4.40160900e-01
 6.46274828e-01
 -2.06113927e-01
 9.00971201e-02
 -9.00971201e-02
 1.28747166e-01
 8.73353403e-01
 7.40161820e-02
 2.92496810e-01
 -2.05315729e-01
 6.98253183e-02
 -5.56604864e-01
 1.69107773e-01
 8.91478941e-01
 6.18583845e-01
 -6.18583845e-01
 2.15872097e-01
 9.27246719e-02
 2.52312580e-01
 1.32975577e+00
 -1.35635852e+00
 1.37558032e-01
 -5.17739565e-01
 4.55582644e-01
 1.02377531e+00
 -1.16997632e-01
 -4.83898071e-01
 -3.57106387e-02
 4.61183367e-01
 3.78382885e-01
 -2.83979149e-01
 -4.08162145e-01
 1.92569707e-01
 4.90538634e-01
 -1.04886038e+00
 8.59437252e-01
 2.70290519e-02
 5.56407012e-01
 -4.88788619e-01
 9.39848996e-01
 -3.32879272e-01
 -9.09261502e-02
 8.77762136e-01
 -6.22872596e-01
 -2.00347943e-01
 1.00102783e-01
 -9.10084075e-02
 -2.27337380e-02
 5.79719199e-01
 1.05498608e-01
 -6.44291790e-01
 2.27800563e-01
 -5.18313889e-01
 -5.14514534e-01
 4.10404109e-01
 2.26195594e-02
 -7.68767413e-02
 5.17143853e-01
 5.48492359e-01
 -7.98466752e-01
 2.09008705e-01
 2.27557746e-02
 -9.55248862e-02
 0.00000000e+00
 4.10306529e-01
 7.77707110e-02
 1.09939612e-01
 -3.93161868e-01
 1.23199206e-01
 -1.00400755e-01
 1.14102832e-01
 -3.09929034e-01
 -4.54630721e-02
 4.87982621e-01
 -2.01074339e-01
 -3.09628812e-01
 4.46662896e-01
 -2.28574740e-02
 -6.85281062e-02
 2.60760781e-01
 -2.19651891e-01
 -1.18693795e-01
 1.91835350e-01
 -8.23020086e-01
 6.35746195e-01
 -5.22641088e-01
 -9.50205484e-02
 -4.82159090e-01
 4.86680958e-01
 -4.32772456e-01
 4.64433713e-01
 1.08661505e-01
 2.76940191e-01
 -7.69094452e-01
 1.30602548e-01
 2.93618553e-01
 -5.94986414e-01
 2.87845928e-01
 6.33820386e-01
 -1.36301188e-01
 4.82782090e-01
 -5.50833740e-01
 -3.25732513e-01
 7.85222019e-01
 -8.75435116e-01
 3.29841388e-01
 4.52916941e-03
 -1.71903157e-01
 -1.39925032e-01
 -6.55256170e-01
 1.01239213e+00
 -1.85576218e-01
 -5.80695992e-01
 3.91101772e-01
 -3.05875754e-01
 -1.03155051e-01
 5.85065542e-01
 -5.17807846e-01
 -7.18518613e-01
 4.90107243e-01
 -6.70372149e-02
 4.66125901e-01
 1.12515850e-01
 1.26233217e-01
 -6.73598992e-01
 2.55201158e-01
 1.12226217e-01
 -1.34649782e-01
 -4.60323201e-01
 1.60542897e-01
 -5.35556197e-02
 2.99548819e-01
 -1.70051909e-01
 -7.59412905e-02
 -5.29270264e-01
 4.89099671e-01
 9.82358670e-02
 3.35942546e-01
 -6.96943764e-01
 -4.44377753e-02
 2.40303813e-01
 6.94418046e-01
 -4.75641008e-01
 2.01526444e-01
 -1.25462852e-01
 -4.28445762e-01
 2.67004078e-02
 -5.01132496e-01
 3.45525232e-01
 2.22403378e-01
 7.57802128e-02
 -1.60377742e-01
 -4.96585970e-01
 -3.97493499e-02
 -5.29634158e-02
 4.41333457e-02
 -6.50290622e-01
 9.62747105e-02
 -6.12814306e-02
 4.74170302e-01
 -2.41886010e-01
 1.75629473e-02
 -1.05310137e-01
 3.42851549e-01
 -9.71322311e-01
 3.04782560e-01
 -8.72704618e-03
 4.80125931e-02
 -3.48412256e-01
 3.47609782e-02
 1.30512321e-01
 -3.73465905e-01
 3.16879790e-01
 -1.13031055e-01
 1.87037760e-01
 7.97379254e-01
 -5.74875091e-01
 -3.00861695e-01
 1.52444842e-01
 8.28989792e-02
 -2.83184548e-01
 6.99196870e-01
 -6.68756672e-01
 4.14469084e-01
 -3.18711026e-01
 -1.21850494e-01
 5.76356201e-01
 -6.57408024e-02
 -3.84409062e-01
 -2.17450994e-01
 7.55353673e-01
 -8.20453393e-01
 -3.89289452e-01
 -6.46640995e-02
 -2.02213375e-01
 -1.15890941e-01
 9.01201308e-02
 2.75398464e-01
 1.89990807e-01
 -6.45508805e-01
 6.36861262e-01
 2.16209340e-02
 -1.31056624e+00
 8.27909402e-01
 1.37549713e-01
 -2.15106775e-02
 -8.88789472e-01
 7.85633784e-01
 -8.74714039e-01
 7.71716310e-01
 -1.11841517e+00
 9.04342647e-01
 -9.82442784e-02
 -4.72115542e-01
 3.39148049e-02
 3.35838489e-01
 -8.94385726e-02
 -3.86187197e-01
 8.17443504e-01
 -9.65382179e-01
 2.07206497e-01
 9.32419659e-02
 1.91129671e-01
 -1.91129671e-01
 -4.43845155e-01
 1.34953003e-01
 8.44368925e-03
 -4.64269958e-02
 -4.21902488e-03
 -4.33125583e-01
 9.58338233e-01
 -5.58955187e-01
 3.38199709e-01
 -7.08236772e-01
 1.76350337e-01
 -1.34404853e-01
 -3.18118322e-01
 -2.50492657e-02
 6.50178799e-01
 9.28037938e-02
 -1.68637622e-01
 -1.68401747e-02
 8.84587344e-02
 -5.05623156e-02
 -2.10562439e-02
 -3.23422277e-01
 -5.86341927e-02
 3.02103778e-01
 -4.73518556e-01
 -1.50143044e-01
 -1.91350939e-01
 -1.66128379e-02
 6.00727050e-01
 7.54778874e-02
 -4.05723251e-01
 1.41927848e-01
 5.01653838e-02
 5.85746260e-02
 -5.75112166e-01
 4.95630652e-01
 -2.75349801e-01
 8.42174040e-01
 -1.02510089e+00
 6.04764413e-01
 -1.75746259e-01
 3.93987688e-01
 -6.10929884e-01
 -1.66582206e-02
 3.25599503e-01
 -6.45447727e-01
 -1.07648486e-01
 3.48427876e-01
 -1.66149507e-01
 -3.02138760e-01
 4.54383613e-02
 -1.19723776e-01
 6.92469168e-01
 -1.33257335e-01
 6.24306828e-02
 -6.65906161e-02
 4.46613676e-01
 -5.62984727e-01
 4.15373641e-02
 2.28927158e-01
 2.71582748e-01
 -2.59072816e-01
 6.03288672e-01
 1.68369621e-02
 -2.39522926e-01
 4.58793726e-01
 1.31064756e-01
 3.52191703e-01
 -3.31027993e-01
 -3.08322498e-01
 5.50065697e-01
 4.17686890e-01
 -4.47421949e-01
 -8.49329570e-03
 -4.82334214e-01
 -2.90244009e-01
 2.60740881e-01
 -3.99103840e-01
 1.25772514e-01
 9.68013269e-01
 -2.80439767e-01
 -7.88210691e-01
 1.42614676e-01
 -4.35264948e-01
 1.67069397e-01
 -2.62942363e-01
 2.75489684e-01
 -3.76347920e-02
 -8.76196096e-01
 -1.60671685e-01
 4.11600496e-02
 2.43375589e-01
 2.94084578e-01
 -6.07416751e-01
 -2.99547746e-01
 1.39343262e-01
 3.20804968e-01
 4.09464634e-01
 -5.61838841e-01
 -7.39990341e-02
 5.48766914e-01
 4.61548710e-01
 -6.93172099e-01
 5.22311459e-01
 -3.32868573e-02
 -5.01409817e-01
 -2.22531954e-01
 6.40798506e-01
 -1.66159993e-02
 -7.05709881e-02
 4.07868291e-01
 3.34075047e-02
 -6.85609392e-01
 1.05001428e+00
 -1.07894243e+00
 2.60815936e-01
 -2.02946806e-01
 -6.66500863e-01
 6.25160533e-01
 5.97837111e-01
 4.58930510e-02
 -3.53796816e-01
 1.82903641e-01
 2.12641952e-01
 6.68532071e-02
 -2.00356051e-01
 1.71099415e-01
 -6.32092185e-01
 3.06967734e-01
 5.21811642e-01
 1.67664690e-02
 -1.71654483e-01
 -4.18111235e-03
 -1.29482877e-01
 3.30476168e-01
 2.51672900e-02
 -2.05252364e-01
 1.84278956e-01
 1.09134542e-01
 4.67955530e-01
 -2.78641990e-01
 2.94974980e-02
 4.65262004e-01
 -2.62639157e-01
 7.19108222e-02
 6.35153915e-02
 -2.96480652e-02
 3.81213685e-02
 4.80499673e-01
 -8.95583969e-02
 -1.23478931e-01
 -1.74184740e-01
 4.38452169e-01
 -1.87652205e-01
 -8.93758845e-02
 -9.04000740e-01
 8.35985066e-01
 -3.43267596e-01
 4.22829831e-02
 2.53827125e-02
 -2.82890848e-01
 5.79740198e-01
 -6.59743750e-01
 -4.57105178e-01
 5.75038913e-01
 -2.95031276e-02
 1.81441225e-01
 -1.30856390e-01
 3.17031907e-01
 -4.39212529e-01
 2.86848330e-01
 -2.99474847e-01
 -1.05127356e-01
 2.01992249e-01
 2.02609955e-01
 -1.64667708e-01
 -3.74253941e-01
 7.76083664e-01
 -1.31390602e-01
 6.76663411e-01
 -1.58075416e-01
 -3.02291477e-01
 7.65078812e-02
 3.40316822e-02
 2.60063071e-01
 -8.96441038e-02
 2.86427507e-01
 -2.77895145e-01
 -3.36202532e-01
 3.27670170e-01
 8.53726136e-02
 1.06869034e-01
 2.31419770e-01
 -1.41517955e-01
 -6.42278738e-02
 8.56016487e-03
 -5.15929745e-01
 4.26102470e-01
 1.71006796e-02
 -6.72171959e-01
 8.47114609e-02
 1.01796279e-01
 4.24610688e-02
 6.91654125e-01
 -6.40665122e-01
 4.47821502e-01
 -2.69052595e-01
 -7.24164997e-02
 3.62868824e-01
 1.80027581e-01
 -7.17225489e-01
 -2.96584797e-01
 1.37100210e+00
 -6.78331530e-01
 3.34017314e-01
 1.07409249e-01
 1.85145584e-01
 4.36883430e-01
 -3.20368961e-01
 6.37898408e-01
 1.30809305e-02
 -2.52453211e-01
 -3.89887424e-01
 -1.38086817e-01
 -1.03379965e-01
 2.15553986e-01
 2.24908165e-01
 3.60541802e-01
 -2.82514545e-01
 8.68024066e-02
 2.91599047e-01
 -6.68381722e-01
 4.89792025e-01
 -1.69443551e-01
 3.48033247e-01
 -3.52372395e-01
 4.34039778e-02
 -2.38378624e-01
 3.12229161e-01
 4.27297554e-01
 -4.37373949e-03
 -2.09610279e-01
 -2.39387607e-01
 -1.43228573e-01
 -4.02021540e-01
 5.45250113e-01
 3.09186094e-01
 -8.15635269e-01
 7.28398334e-01
 4.54855341e-01
 -1.31519563e-01
 -6.45142846e-01
 4.33984236e-02
 -3.98220380e-01
 7.50773290e-01
 1.26667906e-01
 -2.96643837e-01
 5.15590382e-01
 -7.97942241e-01
 2.69294362e-01
 1.43770524e-01
 2.18099307e-02
 2.53506435e-01
 5.45152000e-01
 -8.68425634e-01
 -3.04392568e-01
 4.61469381e-01
 8.73711547e-03
 2.97729258e-01
 -5.26348089e-02
 -5.15425237e-01
 -5.21982365e-02
 3.83720191e-01
 -2.79283602e-01
 4.01830767e-01
 -1.75202063e-02
 -4.37808673e-02
 6.15494728e-01
 -7.06224232e-02
 3.44970773e-01
 -4.24334341e-01
 6.68624439e-01
 -6.06905148e-01
 9.77200966e-01
 -4.90327982e-01
 2.58104119e-01
 3.97934029e-01
 1.03208219e-01
 -1.21141873e-01
 -3.35402269e-01
 -5.59845806e-01
 -2.03261297e-01
 2.25391121e-01
 4.42681789e-03
 -2.82743967e-01
 7.09045853e-01
 -1.55727379e-01
 1.82458716e-01
 6.08687354e-01
 -6.13143292e-01
 2.14208790e-01
 -6.71639425e-01
 3.90625929e-01
 9.27626631e-01
 -4.72080557e-01
 -5.44518830e-01
 1.24593910e-01
 6.35336880e-01
 -3.59482658e-02
 -4.43330346e-01
 7.63019864e-01
 -1.10144300e+00
 1.32292896e+00
 -1.23847818e+00
 2.13809527e-01
 1.16969099e+00
 -2.94263314e-01
 -9.42314085e-01
 4.87514688e-01
 -1.03355668e+00
 3.63548070e-01
 6.11684805e-01
 2.24589935e-01
 -9.87246701e-01
 4.13737314e-01
 -8.82303436e-01
 -3.03301400e-01
 3.12112785e-01
 -4.30431069e-01
 2.14877341e-01
 5.82225747e-01
 2.79625475e-01
 1.29097647e-01
 -1.00851520e+00
 1.27458045e-01
 5.96472243e-01
 -6.93186257e-01
 -2.06159699e-01
 8.23949692e-01
 2.04203714e-01
 -5.44675228e-01
 3.71507061e-01
 4.58284319e-01
 2.95258438e-01
 6.89310824e-01
 -2.57597118e-01
 6.76969184e-02
 3.57620177e-01
 4.59875533e-01
 -4.37179932e-01
 1.04494196e-01
 -1.45341005e-01
 4.00411741e-01
 -7.75993882e-01
 4.98193814e-01
 4.54660083e-02
 0.00000000e+00
 1.82158016e-01
 -9.11908592e-03
 -8.20187635e-02
 6.45042071e-01
 2.67049341e-01
 -8.75921618e-02
 -5.46160128e-01
 -1.55275188e-01
 3.56726938e-01
 -3.52164889e-01
 1.73576526e-01
 1.96930605e-01
 -2.75115819e-02
 -1.19093545e-01
 2.74653529e-02
 3.20563850e-02
 -9.61256346e-02
 -4.11567569e-02
 -1.55265151e-01
 7.98202330e-01
 -1.65883538e-01
 1.00113192e+00
 -3.25977930e-01
 -6.24508370e-01
 8.75638030e-02
 2.12443406e-01
 3.33794284e-01
 5.41070216e-01
 8.90126785e-02
 -2.80718762e-01
 -1.72565497e-01
 4.90796170e-01
 -8.43958180e-01
 8.48648539e-01
 3.76218500e-01
 -7.27151292e-01
 -6.53183544e-02
 3.41241946e-01
 -3.59893433e-01
 1.47423468e+00
 -6.18298076e-02
 5.70718085e-02
 -7.62010807e-01
 1.79134150e-01
 -2.73237596e-01
 -2.67524535e-01
 4.21748577e-02
 -3.32043754e-01
 4.82198734e-01
 2.81888454e-02
 -5.61694152e-01
 -6.72902812e-01
 7.66214751e-01
 -2.93522912e-01
 9.21849802e-01
 -2.16311377e-01
 1.22183449e-01
 -7.11388135e-01
 4.25052702e-01
 2.39317356e-01
 -2.95512152e-01
 1.92179915e-01
 -6.56799852e-02
 7.03736998e-02
 -5.63044478e-02
 1.40843506e-01
 -1.12696772e-01
 -3.28367903e-02
 -3.46219944e-01
 3.97827322e-01
 8.92269730e-02
 -1.78343826e-01
 8.44237480e-02
 6.36337801e-01
 -3.07082496e-01
 -4.98004116e-01
 -1.02930145e-01
 4.40823067e-01
 1.83686835e-01
 2.78772659e-01
 -2.83986870e-02
 1.46846046e-01
 2.94583165e-01
 2.43212369e-01
 -2.38801281e-02
 1.48182426e-01
 9.57045149e-03
 -1.14763039e-01
 6.52707487e-01
 -1.25230871e-01
 -7.21518844e-02
 4.38810242e-01
 -5.25299253e-01
 -1.05570844e-01
 2.25721939e-01
 -2.54487683e-01
 1.15130609e-01
 0.00000000e+00
 -1.53467415e-01
 0.00000000e+00
 -1.24456485e-01
 1.81969202e-01
 3.60477209e-01
 -8.18629953e-02
 1.44398053e-02
 -1.15439254e-01
 2.93763096e-01
 2.22302109e-01
 -7.73983135e-02
 2.61544242e-01
 -5.26984351e-01
 2.31603799e-01
 3.87625336e-01
 5.34573242e-02
 -1.60256594e-01
 -1.30861907e-01
 -2.61031645e-01
 1.44903795e-01
 4.35265871e-02
 3.00547061e-01
 1.45864314e-01
 -3.88336063e-01
 2.76481141e-01
 -5.27812068e-01
 4.59808864e-01
 -3.87397219e-01
 6.84153242e-01
 5.36396346e-02
 -1.55935337e-01
 -2.13878369e-01
 1.40896076e-01
 5.66267631e-01
 -6.48894313e-01
 -4.16588314e-01
 5.79880386e-02
 3.97471968e-01
 2.97067051e-01
 -8.29084795e-02
 2.39222196e-01
 -3.31775449e-01
 2.78005639e-01
 2.25113688e-01
 3.34022947e-01
 1.37972589e-01
 -3.54275155e-01
 -1.76511142e-01
 -1.36998745e-01
 -3.42104255e-02
 -2.58513379e-01
 2.29202643e-01
 4.94936862e-01
 1.67351351e-01
 -9.79083948e-01
 4.38999858e-01
 -2.05188671e-01
 2.98197806e-01
 7.13637102e-01
 -8.06646235e-01
 -1.08784936e+00
 4.25468788e-01
 3.25582695e-01
 -3.40829392e-02
 -2.96348396e-01
 2.08778241e-01
 -5.57048245e-01
 4.59869008e-01
 -5.37039974e-01
 -2.45444758e-01
 3.37094266e-01
 -5.30741115e-02
 -9.64006942e-02
 9.15776668e-02
 2.51215937e-01
 1.21081278e-01
 -1.64622099e-01
 -1.78732224e-01
 -3.37656059e-02
 -9.15716831e-02
 -3.02820524e-01
 5.19885226e-01
 -1.44780716e-01
 -3.84697473e-01
 2.06525030e-01
 6.47323936e-01
 -5.89585463e-01
 -1.73079759e-01
 2.88183757e-02
 4.33633801e-01
 -2.12317342e-01
 1.44567963e-02
 7.71507963e-02
 -3.03315417e-01
 -3.16423478e-01
 1.58041344e-01
 2.83408661e-01
 -4.27096668e-01
 -1.33855284e-01
 -1.33611051e-01
 1.00185412e-01
 -8.11130519e-02
 9.54364573e-02
 -9.54364573e-02
 -2.28540418e-01
 -2.94142103e-01
 2.27619041e-01
 3.76176532e-01
 1.43234051e-02
 2.77470866e-01
 -3.20432675e-01
 -1.28734254e-01
 -1.90301420e-01
 -2.51386685e-01
 7.04164184e-01
 -3.95739152e-01
 1.04686223e-01
 -3.23091267e-01
 1.66118190e-01
 1.47449944e-01
 4.39352161e-01
 -6.24805377e-01
 -7.12027711e-02
 7.00798216e-01
 -3.72688455e-01
 -1.71371763e-01
 -1.80456798e-01
 6.28775017e-01
 -6.05056218e-01
 -4.49339476e-01
 7.63152890e-01
 -8.47978293e-01
 4.34597802e-01
 2.18277034e-01
 -2.56171547e-01
 2.98954487e-01
 2.28600016e-01
 1.43238749e-01
 -9.07504125e-02
 -4.33091566e-01
 9.84094786e-01
 -4.32713415e-02
 -1.15265990e-01
 -2.68252753e-01
 -3.34627242e-02
 -3.90856503e-01
 -3.84044942e-01
 6.03048559e-01
 2.10097247e-01
 -4.14838025e-01
 3.43146216e-01
 7.16918086e-02
 -1.14673236e-01
 5.41491180e-01
 -2.54471067e-01
 1.43805253e-02
 -2.82300897e-01
 2.48750718e-01
 1.82313967e-01
 -4.97891989e-01
 3.29954793e-01
 0.00000000e+00
 -8.62184208e-02
 2.10935108e-01
 -3.49629740e-01
 1.24334739e-01
 -4.53279662e-01
 4.24568308e-01
 3.21249235e-01
 1.73192842e-01
 3.37237101e-02
 -3.17354549e-01
 2.73998326e-01
 -1.10683494e-01
 -9.13088639e-02
 1.82731107e-01
 2.89448072e-01
 -2.70186821e-01
 -9.63125465e-03
 -1.20284574e-01
 2.50412765e-01
 -9.64132937e-02
 1.92725801e-02
 -2.98159852e-01
 -3.49515678e-01
 -4.77633713e-03
 8.60217546e-02
 4.78335290e-02
 -1.24302298e-01
 2.87169972e-01
 -3.39695977e-01
 1.72043545e-01
 -6.69538361e-02
 3.30579761e-01
 -1.29534623e-01
 2.39706712e-02
 -1.91771628e-02
 3.21879057e-01
 -4.36836958e-01
 5.26666874e-02
 -1.07923327e+00
 1.13193778e+00
 -2.67920372e-01
 3.34365411e-02
 -4.28737337e-01
 -2.03955194e-01
 2.08705138e-01
 -1.99231510e-01
 2.37242211e-01
 5.82126221e-01
 -5.44095697e-01
 -1.42512293e-01
 -3.97556325e-01
 5.44823829e-01
 -5.22902612e-02
 2.85675602e-01
 8.11447960e-02
 0.00000000e+00
 -3.43056743e-01
 -5.72913749e-01
 2.83525305e-01
 -7.09851656e-02
 2.74860672e-01
 1.85404881e-01
 -1.80656793e-01
 -4.63846164e-01
 6.01675382e-01
 -1.18833772e-01
 2.61690114e-01
 -9.52685972e-02
 -2.32883930e-01
 7.00889606e-01
 -6.72413136e-01
 -2.93720960e-01
 6.60158987e-01
 -8.11293690e-01
 -5.17132914e-01
 -1.26368506e-01
 1.00296105e+00
 -6.41990564e-01
 5.17148417e-02
 3.91407169e-01
 -6.30864562e-01
 9.37554046e-03
 9.37675903e-03
 -8.43469795e-02
 -4.76108209e-01
 -2.55420183e-01
 1.02058751e-01
 2.78594848e-02
 8.83150898e-01
 -5.24656530e-01
 5.10553402e-01
 7.52484952e-02
 9.18650121e-01
 -1.67693912e+00
 5.89089897e-01
 -1.26639748e-01
 1.80145537e+01
 9.83925462e+00
 -8.42729774e+00
 -1.41021585e+01
 -4.53748420e+00
 -9.97441059e-01
 2.19946298e-01
 -2.05927225e-01
 3.27888499e-01
 1.59799149e-01
 6.56985457e-01
 -4.77967792e-01
 -5.40410660e-01
 4.27295400e-01
 -3.52349530e-01
 1.03177879e-01
 -4.02494585e-01
 -4.19917326e-02
 4.82042137e-01
 -5.16342193e-02
 5.36914591e-01
 -5.46298664e-01
 8.96960293e-01
 -2.37466289e-02
 -1.51795413e-01
 -3.16799147e-01
 -1.27275368e-01
 -9.88375386e-02
 2.11960157e-01
 -1.83734632e-01
 4.90997060e-01
 7.58334599e-02
 -3.54787625e-01
 4.21206758e-01
 1.23510648e-01
 -3.60444030e-01
 -3.16284116e-01
 0.00000000e+00
 -4.08645920e-01
 -1.68420235e-01
 3.32540221e-01
 3.76536674e-01
 -1.27300210e-01
 -1.92880758e-01
 0.00000000e+00
 -2.34868870e-02
 -8.91805866e-02
 2.01987306e-01
 -1.97296336e-01
 4.70640593e-01
 -8.77617048e-01
 3.03845498e-01
 -9.83057658e-02
 9.36214971e-02
 -3.97052942e-01
 2.75368706e-01
 2.80627398e-02
 -5.35970736e-01
 4.75181953e-01
 5.67793605e-01
 7.06993316e-02
 -1.27209152e-01
 -9.41401634e-03
 1.79075895e-01
 -4.23411125e-01
 -4.69066512e-03
 9.38163513e-03
 -3.75192254e-02
 1.26705609e-01
 -3.46737651e-01
 4.31331686e-01
 -3.56502570e-01
 -6.33577018e-01
 3.53368256e-01
 4.48858918e-01
 -4.20887136e-01
 -2.00223966e-01
 -6.50687445e-02
 3.77288851e-01
 -6.06862371e-02
 -4.19835553e-02
 1.26024296e-01
 -1.40136120e-02
 4.20490271e-02
 -2.28636609e-01
 2.28636609e-01
 -7.80880192e-01
 2.59348509e-01
 1.01392466e+00
 -5.15756577e-01
 3.23088900e-01
 -3.32432218e-01
 7.60756784e-01
 -1.08497370e-01
 -3.15134090e-01
 -4.16494556e-01
 2.99258391e-01
 -4.48421894e-01
 9.94010478e-01
 -8.16844310e-01
 8.59346785e-01
 -3.81627926e-01
 3.01366359e-01
 -1.74380382e-01
 -8.09804692e-01
 5.18538658e-01
 8.44402095e-02
 7.69170570e-01
 -4.91700575e-01
 5.81890758e-01
 -8.31192053e-01
 1.09289922e+00
 -4.23021319e-01
 -2.97963305e-01
 7.68668634e-01
 -3.81496955e-02
 -2.75991120e-01
 3.33223127e-01
 -3.75955922e-01
 -1.04352537e-01
 7.11332354e-02
 1.03688126e+00
 -9.51429580e-01
 1.99777435e-01
 2.00325156e-01
 -1.19307247e-01
 2.91451831e-01
 9.54063029e-01
 -8.29484656e-01
 5.48732046e-01
 4.83296840e-02
 -1.64192108e-01
 7.23927134e-02
 7.18095118e-01
 6.02113678e-01
 -9.86286339e-01
 3.01334740e-01
 -4.38180530e-02
 9.00992246e-01
 -1.52560021e-01
 -4.75366485e-01
 4.65534558e-01
 -1.86561840e-01
 -3.03394329e-01
 -4.38224321e-01
 -2.85882857e-01
 9.67289099e-03
 -2.46264090e-01
 1.25443816e-01
 4.34725518e-02
 5.86955936e-01
 1.07219574e-01
 2.00231058e-01
 -4.92284697e-01
 -2.61869512e-01
 -1.93382005e-01
 -7.35040214e-01
 1.10289908e+00
 -2.13193731e-01
 6.56069701e-01
 -1.17058773e-01
 -4.87202110e-02
 -3.20754732e-01
 3.06144888e-01
 -4.32122968e-01
 -5.88276656e-01
 -3.92773341e-01
 3.54361382e-01
 4.52610680e-01
 -3.27698412e-01
 3.66346997e-01
 -5.05658575e-01
 -1.43964926e-02
 1.68134679e-01
 1.63699283e-01
 -1.78125890e-01
 -6.74873793e-01
 9.53493744e-02
 -2.28629821e-01
 -4.92918595e-01
 1.13297109e+00
 -4.06651938e-01
 1.86301510e-01
 3.54801082e-01
 1.53959240e-01
 7.71003989e-02
 -2.55086716e-01
 2.98491128e-01
 -8.82328610e-01
 4.25455349e-01
 -8.57926435e-01
 8.57926435e-01
 5.77575122e-01
 -4.38409002e-01
 3.08059511e-01
 -8.20230281e-01
 2.38887091e-01
 6.22383880e-02
 1.72628314e-01
 -4.68983679e-01
 2.86776794e-01
 5.33507033e-01
 4.74251659e-01
 4.85641829e-02
 -2.66710229e-01
 4.12593640e-01
 -6.34924817e-01
 -1.15733765e-01
 2.07485163e-01
 1.00703299e+00
 -6.48596867e-01
 -1.69746835e-01
 -3.39027537e-02
 1.06603805e-01
 -1.06873136e+00
 7.05938204e-01
 -2.41230190e-02
 1.06200278e-01
 4.06900184e-01
 -1.84350840e-01
 5.34907126e-01
 3.62021020e-01
 -6.10502363e-01
 3.21722190e-01
 -2.24377417e-01
 -3.64386777e-01
 3.35169960e-01
 1.31566124e-01
 6.12144911e-01
 -3.04250823e-01
 -2.10287591e-01
 -1.46361817e-01
 -3.11279280e-01
 7.85556484e-01
 -4.01132245e-01
 1.33891965e+00
 -4.65420127e-01
 -5.41005987e-01
 2.30679489e-01
 -6.21694745e-01
 6.41359894e-01
 -1.04487872e+00
 1.50455435e-01
 2.42956026e-02
 -9.71347289e-02
 2.62555879e-01
 -2.28573184e-01
 -2.47232216e-01
 3.20104717e-01
 -4.45827654e-01
 -4.67162567e-01
 6.89741020e-01
 2.52418241e-01
 -8.55692839e-01
 -3.26118508e-01
 7.01983420e-01
 -4.38323079e-01
 1.77904960e-01
 2.50756604e-01
 2.12845439e-01
 -2.90092098e-01
 2.70717196e-01
 3.15471293e-01
 -9.03978663e-01
 -6.24337004e-02
 -1.34292748e-01
 8.63028713e-02
 -1.96431323e-01
 -3.86530761e-01
 -1.04631656e-01
 2.04647383e-01
 -4.75041896e-01
 4.26271634e-02
 2.65797868e-01
 -4.75350525e-02
 1.37937041e-01
 -4.08296331e-01
 3.78846442e-02
 3.27575738e-01
 -9.78329611e-01
 1.55084047e-01
 3.96264703e-01
 2.79626970e-01
 -3.93066549e-01
 2.83432843e-02
 4.64511112e-01
 -3.88874887e-01
 -4.72818717e-02
 7.56657723e-02
 4.73311458e-02
 -2.92957096e-01
 5.82345539e-01
 -3.74562326e-01
 1.94152547e-01
 -2.27248780e-01
 -1.36952451e-01
 -4.71789033e-03
 -3.20097685e-01
 2.16381714e-01
 2.26480948e-01
 -6.63281047e-01
 -1.26319264e-01
 4.73665844e-01
 2.12042895e-01
 -3.15482674e-01
 -9.86000578e-02
 1.55003413e-01
 -3.89224582e-01
 9.41470821e-01
 -8.52349043e-02
 7.03797152e-01
 -8.55079478e-01
 1.13432195e-01
 2.46378637e-01
 -9.01197084e-02
 1.47094913e-01
 -3.64818276e-01
 -1.36925717e-01
 1.70015488e-01
 2.93740087e-01
 6.64927294e-02
 4.57588343e-01
 4.31599581e-01
 -3.35907547e-01
 1.53367275e-01
 -1.91884326e-02
 1.05598417e-01
 -1.43960254e-01
 -3.63440401e-01
 8.39581612e-01
 -2.45669346e-01
 -3.16712793e-01
 -8.56864478e-01
 1.23130820e+00
 9.62622247e-03
 -4.70209636e-01
 1.62793291e-01
 2.40059192e-01
 4.80918296e-03
 2.36035244e-01
 4.69489088e-01
 -1.12275083e+00
 3.64342757e-01
 9.82096028e-01
 -4.12809693e-01
 -2.99663872e-01
 2.70611021e-01
 -6.12286481e-01
 4.52699397e-01
 -9.59868350e-01
 1.74173044e+00
 -4.52639178e-01
 -1.27478559e+00
 2.48410177e-01
 -4.86473123e-01
 6.73334620e-01
 -6.40052495e-01
 -3.22670569e-01
 7.04118292e-01
 2.96994164e-01
 -6.11832071e-01
 4.00938260e-01
 -2.53228591e-01
 2.77163309e-01
 7.36193258e-01
 -1.10868729e+00
 -5.22103950e-01
 7.03338690e-01
 -1.38351295e-01
 -3.42364277e-01
 -1.46912999e-01
 -1.46616771e-01
 6.31127979e-01
 -3.51828561e-01
 6.00076770e-01
 -3.29223877e-01
 3.67490700e-01
 -5.05418752e-01
 2.04607373e-01
 -9.52934348e-03
 5.93176390e-01
 6.72736227e-02
 -8.60279534e-01
 1.04604386e-01
 7.70098927e-01
 -8.46189716e-01
 4.05142967e-01
 3.34649072e-02
 -2.57762607e-01
 1.06069115e+00
 -2.17220813e-01
 4.93286283e-01
 -5.36653836e-01
 -8.66586493e-02
 9.62936804e-02
 4.81940456e-02
 -9.64132855e-03
 2.26904741e-01
 -2.36544809e-01
 2.84912428e-01
 -6.11926512e-01
 3.80050058e-01
 2.70593330e-01
 -2.99526768e-01
 -2.07024714e-01
 8.55916662e-01
 2.72869094e-01
 -1.75530694e-01
 1.80412457e-01
 -1.07324960e-01
 -2.19047327e-01
 4.04524011e-01
 2.10439245e-01
 4.37449917e-01
 -5.45190602e-01
 -9.78113566e-02
 3.28173419e-01
 2.35997417e-01
 -1.52499973e-01
 -1.66901848e-01
 -8.87120687e-01
 2.90775662e-02
 1.94142423e-01
 1.50810350e-01
 2.19463704e-01
 -4.81968029e-01
 7.90306345e-01
 -2.83913500e-01
 2.54493055e-01
 5.70852564e-01
 -5.90459765e-01
 -6.73311081e-01
 4.18884738e-01
 -2.77896412e-01
 4.93123778e-01
 -9.79653314e-03
 1.56898784e-01
 2.26119676e-01
 -1.37719315e-01
 -1.71793827e-01
 4.32690823e-01
 -6.43212845e-01
 2.74285131e-01
 -2.00914596e-01
 -9.91691233e-01
 0.00000000e+00
 -9.16914463e-02
 -3.85728757e-02
 1.68905327e-01
 -4.91162988e-01
 5.53997739e-01
 -1.45050680e-02
 4.12081058e-01
 3.26436408e-01
 -1.12221743e-01
 -1.65583686e-01
 -8.17604828e-01
 2.11998468e-01
 3.19143091e-01
 -5.60003254e-01
 3.36730776e-02
 -9.60803793e-01
 1.80680339e-01
 1.47728930e-01
 1.34795783e+00
 -6.04814719e-01
 -2.26135076e-01
 -1.44105992e-02
 -6.59847016e-01
 4.72765848e-01
 6.73794372e-01
 -3.90589193e-01
 4.81091102e-02
 1.30051693e-01
 -5.95387303e-01
 4.84588053e-01
 2.12109316e-01
 1.49807357e-01
 7.74388153e-02
 1.40564580e-01
 -6.80939307e-01
 1.25091873e-01
 4.34655224e-01
 -8.04503584e-01
 -7.18322735e-02
 4.75395534e-01
 -8.19213690e-01
 1.86034402e-01
 3.49492871e-01
 -3.83818764e-02
 1.24814431e-01
 2.88334346e-02
 1.34705529e-01
 -6.56756142e-01
 6.08618743e-01
 -9.79924605e-01
 -2.08623595e-01
 -1.93862049e-01
 8.07206247e-01
 2.58284360e-01
 -2.82153588e-01
 -7.97501745e-01
 -2.36017341e-02
 2.78990483e-01
 -7.77545338e-01
 -4.11293582e-01
 6.69548756e-01
 3.15852267e-01
 -1.18016365e-01
 3.78329353e-01
 -1.42229406e-02
 -2.41365398e-01
 5.69197335e-01
 -1.42716743e-01
 -2.18291252e-01
 -7.11987854e-01
 1.17396287e-01
 -2.81925108e-02
 3.95697985e-01
 1.89189113e-01
 -4.53227902e-01
 5.62234958e-01
 4.13811713e-01
 -1.02309533e+00
 1.89157638e+00
 -1.02572038e+00
 7.07847148e-01
 2.55153380e-01
 -2.01674558e+00
 3.62122043e-01
 -3.57430768e-01
 -6.56501133e-02
 2.25335030e-01
 1.63567314e+00
 -2.59196249e-01
 -6.72500832e-01
 -1.32812328e-01
 -7.57840939e-02
 2.84598016e-01
 1.47478775e-01
 8.18892976e-01
 -4.81405468e-02
 -2.15752173e+00
 7.70299152e-01
 7.21313439e-01
 6.85161583e-01
 -1.13681901e+00
 2.06688250e+00
 2.63693109e-01
 -1.38605490e+00
 -1.77429338e-01
 2.39519044e-02
 -5.72695137e-01
 3.32842950e-02
 1.61882757e-01
 1.62242003e-01
 -3.90678172e-01
 -5.22493922e-02
 5.48099565e-01
 -3.38877096e-01
 -7.39091170e-01
 4.30223772e-01
 4.26882803e-02
 2.75703495e-01
 1.14389418e-01
 -1.85791975e-01
 -1.61587624e-01
 9.55680652e-01
 -2.20912127e-01
 3.41251716e-01
 -4.81594206e-02
 -4.08087714e-01
 4.32163491e-01
 -1.10683494e-01
 5.16335094e-01
 -3.04447404e-01
 2.31846142e-01
 -4.82193477e-01
 -2.25545157e-01
 -3.06015034e-01
 4.83513880e-01
 -4.26233335e-01
 2.58318065e-01
 -1.10135639e-01
 -3.15125480e-01
 -1.47546074e-01
 -3.03670132e-01
 9.47054425e-03
 1.99166638e-01
 1.23566994e-01
 -4.41026848e-01
 6.88789922e-01
 -5.72506702e-02
 -5.70050809e-01
 -1.04026898e-01
 1.13491278e-01
 1.56340348e-01
 -8.53181998e-02
 0.00000000e+00
 -5.28628646e-01
 1.03250139e+00
 -1.00100526e-01
 -4.79526710e-01
 6.17796841e-01
 -2.62014408e-01
 -1.56758422e-01
 -1.84826053e-01
 4.08189953e-01
 -5.78382578e-01
 6.21232489e-01
 -1.76000128e-01
 2.61775408e-01
 1.14523753e-01
 -2.85973728e-01
 3.28966371e-01
 8.12772238e-02
 -4.05486526e-01
 6.54659642e-01
 -2.87432451e-01
 0.00000000e+00
 1.91271709e-02
 -3.67322987e-01
 2.71737023e-01
 1.43425735e-01
 -4.24679066e-01
 -6.11190448e-01
 4.02145133e-01
 2.80447873e-01
 -4.17900512e-01
 3.98853003e-01
 -2.56655986e-01
 -7.11332354e-02
 -5.05407120e-01
 -3.52166340e-01
 3.23929801e-01
 5.57347013e-01
 -3.64177524e-01
 -4.23356064e-01
 1.59643402e-01
 -1.92467391e-01
 -2.57384010e-01
 -2.23876064e-01
 3.45433907e-01
 -1.63587762e-01
 -1.40045158e-02
 -7.01383882e-01
 3.66092276e-01
 -3.38353538e-01
 -5.52731853e-01
 7.28661248e-01
 1.43842716e-01
 -6.61130872e-01
 2.76651804e-01
 -2.90456198e-01
 4.52333722e-01
 -3.41823456e-01
 -1.84303058e-02
 0.00000000e+00
 -6.90711474e-02
 4.52480260e-01
 -2.31216205e-01
 4.02799297e-01
 3.72401299e-01
 -7.15156431e-01
 1.24868842e-01
 -3.23943865e-02
 2.45637882e-01
 1.58024125e-01
 8.84595453e-02
 1.63237628e-01
 -4.88602778e-01
 2.92762100e-01
 8.38663461e-02
 3.45815429e-01
 1.12513810e-01
 -4.49004706e-01
 9.79807167e-02
 7.47416944e-02
 -1.16749787e-01
 -1.53819872e-01
 1.53819872e-01
 4.16494556e-01
 4.70854899e-01
 7.56214586e-02
 8.51683379e-02
 -2.03292274e-01
 -2.83211596e-02
 6.58956031e-01
 -3.51553569e-01
 9.01021010e-02
 6.64624134e-02
 1.85465301e-01
 -1.90214627e-01
 1.37856165e-01
 -4.12788446e-01
 6.27219734e-01
 5.25123034e-02
 -4.23793966e-01
 8.55129368e-02
 2.47601613e-01
 -1.66747248e-01
 -5.68826740e-01
 3.45506498e-01
 8.06964748e-02
 1.37865149e-01
 7.12467238e-01
 7.21094851e-02
 -6.55985066e-01
 2.14823146e-01
 -4.81279953e-01
 3.52310417e-01
 -9.06203032e-02
 1.67019275e-01
 4.16818208e-01
 -4.50252569e-01
 9.07859357e-02
 4.26762226e-01
 -4.36323940e-01
 4.50752431e-01
 -3.31141284e-01
 -6.70062781e-02
 9.09519309e-02
 1.24643439e-01
 2.11417658e-01
 1.92499299e-02
 -1.39448115e-01
 1.92185242e-02
 -2.92537880e-01
 1.12856476e+00
 -3.39416209e-01
 -9.03926559e-01
 7.10670942e-01
 -5.09691388e-01
 2.15947482e-01
 -6.84044742e-01
 3.53184363e-01
 -1.29062107e-01
 -2.09837090e-01
 -5.23652880e-02
 -3.46565677e-01
 0.00000000e+00
 4.37038401e-01
 1.04897992e-01
 4.29562063e-02
 3.82044675e-02
 -6.08887086e-01
 -5.68232671e-02
 5.20862988e-02
 -1.60873555e-01
 3.78205733e-02
 1.09101530e+00
 6.26647665e-01
 -1.72239161e+00
 -5.22972238e-01
 4.04855991e-01
 5.35418308e-01
 -3.93655735e-01
 6.07975223e-01
 -1.00094000e-01
 -4.76156686e-02
 -6.86952917e-01
 2.92938030e-01
 1.42169239e-01
 -1.32699928e-01
 4.22635630e-01
 -7.10895743e-01
 1.10246655e+00
 -9.56982786e-02
 1.43467820e-02
 2.05946133e-01
 -1.01925093e+00
 2.60601292e-01
 8.11426440e-01
 -3.83868882e-02
 -1.05460638e-01
 -3.83117945e-02
 1.43772432e-01
 5.39246007e-01
 -1.78580408e-01
 1.49592076e-01
 5.52728335e-01
 -3.35038380e-01
 6.56929184e-01
 -5.89072647e-01
 3.54832304e-01
 -1.36300540e-01
 6.34943430e-01
 -4.06010812e-01
 1.46366583e-02
 -1.70582207e-01
 1.16928518e-01
 1.90401304e-01
 -4.48373530e-01
 -2.81285683e-01
 -2.03024563e-01
 -2.79452611e-01
 3.18080989e-01
 3.24307144e-01
 -5.65403498e-01
 -2.64298022e-01
 2.88372226e-01
 3.81418334e-01
 6.77988577e-02
 -6.36787638e-01
 3.36313194e-02
 1.34679135e-01
 4.15201427e-01
 3.29955962e-01
 -1.66850239e+00
 3.71766043e-01
 -1.47979594e-01
 1.09762665e-01
 1.72133354e-01
 5.09192350e-01
 -2.45428725e-01
 4.14334052e-01
 -1.83364958e-01
 5.80602994e-01
 -2.56994850e-01
 6.12431618e-01
 -1.06123791e+00
 9.53941069e-01
 -1.17972197e+00
 6.64906716e-01
 7.05129273e-01
 -1.56190878e-01
 -3.01690004e-01
 -1.93990053e-01
 9.40707899e-01
 -3.81614783e-01
 -3.55390227e-01
 4.48168046e-01
 -2.73119396e-01
 -3.01216430e-01
 1.21311204e-01
 -3.68171766e-01
 5.31748193e-02
 1.35526805e-01
 -5.16571385e-01
 -1.24977543e-01
 -7.35919559e-01
 -1.61482375e-01
 6.48082398e-01
 3.69486321e-01
 -1.87374553e-01
 -6.02114995e-01
 5.97316793e-01
 -5.25895617e-01
 6.07507711e-01
 -5.28181680e-02
 1.20096184e-01
 -9.83773904e-01
 -9.48659330e-03
 9.54808384e-01
 5.69211927e-01
 -1.38634367e+00
 6.18016096e-02
 3.57572208e-01
 5.25911428e-02
 5.18359623e-01
 -2.64436142e-01
 -1.82147431e-01
 1.77348287e-01
 -3.06494619e-01
 -3.86077361e-01
 1.17887197e+00
 -8.50120002e-01
 3.83018470e-01
 -2.58756710e-01
 1.00519261e-01
 -6.43799583e-01
 -9.96384399e-02
 4.90011126e-01
 9.55298661e-02
 2.92137193e-01
 -1.39029917e-01
 5.27045089e-02
 3.26651235e-01
 -5.89795893e-01
 4.35896978e-01
 -5.76292262e-02
 7.68490056e-02
 3.84546235e-02
 9.62245119e-02
 -5.08561073e-01
 3.25841901e-01
 -8.45141650e-01
 1.42369875e+00
 -1.12876985e+00
 -1.47613410e-01
 7.13885976e-02
 8.57585062e-02
 -4.89372922e-01
 4.56010432e-01
 2.11230049e+00
 -2.33116141e+00
 -1.47123661e-01
 1.79985051e+00
 -1.27645222e+00
 1.96047176e-01
 -9.65567563e-01
 3.78994992e-01
 -4.78154543e-01
 2.74199348e-01
 7.23525856e-01
 5.42552671e-01
 4.05916871e-01
 -1.60565409e+00
 4.51775171e-01
 -5.27588879e-01
 7.90424710e-01
 6.70543936e-02
 4.46992027e-01
 -5.18833678e-01
 8.03820611e-01
 -2.65700498e-01
 4.88657771e-01
 -8.97412258e-01
 3.79826719e-01
 0.00000000e+00
 3.37501634e-02
 5.61543156e-01
 -4.16724583e-01
 -2.79726656e-01
 -1.15439254e-01
 1.53959240e-01
 -9.14521073e-02
 1.20355312e-01
 -1.54019593e-01
 2.93878275e-01
 -6.58387548e-01
 -5.19638417e-01
 1.26496823e+00
 -2.12345097e-01
 -1.25189970e-01
 -2.78505080e-01
 -3.96721116e-01
 -3.80355276e-01
 6.52571170e-01
 4.22256461e-01
 -8.27822318e-01
 -7.60907875e-02
 -4.27662177e-02
 5.81860563e-01
 4.78850551e-03
 -4.20195014e-01
 5.63995599e-01
 -9.58113178e-01
 7.66441594e-01
 -1.95944889e-01
 7.57996598e-01
 -8.39088495e-01
 -4.46772093e-01
 -6.22784076e-01
 7.27102638e-01
 -7.31800318e-01
 2.87118388e-01
 4.01988091e-01
 -5.68862069e-02
 2.80119165e-01
 -2.04261007e-01
 6.64407691e-02
 -3.12691094e-01
 6.31498107e-01
 -1.04633564e+00
 7.03792824e-01
 -4.74623276e-03
 5.22255697e-02
 -1.84994654e-01
 -1.23069006e-01
 -3.20889923e-01
 4.96089340e-01
 -3.97142457e-01
 5.25257377e-01
 -4.49778493e-01
 -7.07637537e-02
 -1.05786551e+00
 6.20667668e-01
 3.33535831e-01
 2.07472492e-01
 -1.36809942e-01
 -5.02555251e-01
 5.73286788e-01
 -3.81131845e-01
 3.52830948e-01
 -5.91775355e-01
 -2.28829668e-01
 -4.69379828e-01
 9.41847007e-01
 -7.23805251e-01
 4.24060483e-01
 -6.74519728e-01
 2.08655108e-01
 1.48747882e-01
 -1.62677172e-01
 -5.31919102e-01
 1.29145915e-01
 4.86389602e-01
 1.16296006e-01
 -7.27223200e-01
 6.94641302e-01
 -3.66686209e-01
 5.55782481e-02
 3.24406170e-02
 6.05153449e-01
 -4.42729308e-01
 -3.42977410e-01
 8.37146722e-01
 -1.49541666e-01
 -4.42126365e-01
 5.86990146e-01
 4.03410941e-01
 -2.39504094e-01
 8.91342292e-02
 -1.17259023e-01
 3.14683668e-01
 -7.63192923e-01
 -1.39586910e-01
 -2.32380827e-02
 7.43884048e-02
 -5.57985417e-02
 -5.64827554e-01
 -4.18408859e-01
 4.18408859e-01
 2.54082535e-01
 -3.87689297e-01
 -1.84088380e-02
 -5.04380275e-01
 8.68640234e-02
 -3.46816938e-01
 -3.13401904e-01
 2.95195520e-01
 2.87297856e-01
 6.47257317e-01
 -9.43656601e-01
 -8.64049505e-02
 -2.81216827e-01
 4.67802188e-01
 -1.54764296e-01
 3.50983166e-01
 -6.23269057e-01
 3.13219835e-01
 -6.16029042e-01
 2.12281325e-01
 2.12926019e-01
 3.17676891e-02
 -3.89295575e-01
 -4.94799784e-01
 1.93004275e-01
 6.74529671e-02
 1.34984199e-02
 3.60085490e-02
 -3.50292849e-01
 1.61454906e-01
 -5.26088313e+00
 -2.24926744e+00
 4.54924564e-01
 -1.75330721e+00
 -5.55576262e-01
 -2.02217432e-01
 -1.55279437e-02
 1.24332457e-01
 4.88068230e-01
 -1.56597905e-01
 -4.13091581e-01
 1.59455607e-01
 3.31885848e-01
 -5.02992881e-01
 3.03649339e-01
 -5.07112697e-02
 -8.18310376e-02
 -1.78873433e-01
 3.27027518e-01
 -8.19182092e-02
 -6.55341330e-01
 1.35153390e-01
 4.42270699e-01
 -1.16693077e-01
 -3.88490228e-02
 2.76355442e-01
 -3.19061296e-01
 2.68369080e-01
 -1.71267784e-01
 -4.22251553e-01
 5.70136847e-01
 -2.79905885e-01
 7.06061423e-01
 -8.22317187e-01
 2.17187410e-01
 -7.91371653e-01
 1.69001975e-01
 1.53868553e-02
 -3.75873922e-01
 6.88658145e-02
 2.68548176e-01
 -3.84359190e-02
 6.76108868e-01
 -7.26039694e-01
 2.11523138e-01
 -2.31105808e-02
 -1.06514146e+00
 4.59668163e-01
 -2.01768850e-01
 1.40787242e-01
 1.29658677e-01
 -1.37277101e-01
 -4.09988249e-01
 -5.83613851e-01
 5.79830537e-01
 -8.30367003e-01
 8.03890382e-01
 2.23521793e-01
 -5.77950014e-01
 3.58209889e-01
 9.29806318e-01
 -1.30681079e+00
 3.42977930e-01
 3.41125038e-01
 6.46497446e-02
 -1.25434036e-01
 -1.32754610e-01
 1.82137230e-01
 -2.35158104e-01
 -1.09682054e-01
 -1.13256062e-01
 2.11582512e-01
 -3.24627383e-01
 3.35982987e-01
 -8.70054571e-02
 2.65187164e-01
 -2.68967185e-01
 -3.84329362e-01
 1.54192317e-01
 1.05528235e-01
 -1.39409013e-01
 -1.54106057e-01
 1.16482983e-01
 4.60604561e-01
 -8.01901951e-01
 3.41297388e-01
 3.24324552e-01
 -7.56215976e-03
 -4.18227924e-01
 -1.57497202e-01
 3.64366332e-01
 5.44986352e-01
 -3.56308391e-01
 -4.06810531e-01
 1.22868524e+00
 -1.03315461e+00
 -2.29308346e-01
 -1.31178349e-01
 -2.99435917e-02
 3.60307485e-01
 -3.86495924e-01
 2.73668787e-01
 2.78688209e-01
 -3.53789476e-01
 5.50393497e-01
 -3.21042373e-01
 1.24438354e-01
 -5.82272703e-01
 -3.73737366e-02
 -4.09583624e-01
 -3.70964606e-02
 -4.02863751e-01
 -2.24271797e-01
 -7.54777932e-01
 -1.08589715e-01
 -6.14450125e-02
 6.83109422e-01
 0.00000000e+00
 1.42705369e-01
 -6.44910032e-01
 -4.33236021e-01
 5.81995051e-01
 -2.03089073e-01
 1.77664526e-01
 -4.16120308e-01
 -7.21079153e-03
 2.23948634e-01
 1.59451801e-01
 -4.12234711e-01
 -1.29578422e-01
 8.14606485e-01
 6.23034150e-01
 -1.00459160e+00
 -1.08562917e-01
 1.80798674e-02
 3.97953459e-02
 -2.56386194e-01
 -3.60206322e-02
 -2.26420232e-01
 4.35649398e-01
 1.59225642e-01
 3.16108351e-01
 -1.78246899e-01
 3.26987979e-02
 -1.85053179e-01
 3.41531893e-01
 -5.04331096e-01
 -1.87561613e-01
 -5.03947040e-02
 4.29744956e-01
 3.89113510e-01
 -8.18858467e-01
 3.93510396e-01
 -6.51997584e-01
 -5.17100442e-01
 1.06608228e-01
 4.03328367e-01
 3.52068595e-01
 -1.08001979e-01
 -9.31247345e-01
 5.11941687e-01
 -1.99627239e-01
 -5.13709835e-01
 -8.10654445e-02
 4.02927580e-01
 -3.28915848e-01
 3.00548085e-01
 -5.11757391e-01
 2.35901092e-01
 1.44836620e-01
 -3.42074192e-01
 -3.29558057e-01
 2.83867609e-01
 -3.18815354e-01
 1.24316047e+00
 -1.77520108e+00
 7.87652386e-01
 -1.89192741e-01
 -5.01464796e-01
 4.83978609e-01
 4.70488252e-01
 -2.63809322e-01
 -9.08662625e-01
 6.00669363e-01
 -4.18705474e-02
 -7.17447623e-01
 5.53750595e-01
 5.83791343e-01
 2.81488406e+00
 -6.26491562e-02
 -5.57237540e-01
 -3.60131999e-01
 6.89456070e-02
 1.88500451e+00
 2.06199353e+00
 -6.97316373e-02
 5.03538622e-02
 9.69495190e-02
 -8.14477837e-02
 2.21321806e-01
 -1.02612093e+00
 1.18709609e-01
 -4.58248298e-01
 6.42510530e-01
 -5.66373749e-01
 5.27940231e-01
 -2.68891864e-02
 -4.36260103e-01
 -4.40742158e-01
 3.15034203e-01
 2.86074461e-01
 -4.83635809e-01
 5.71633768e-01
 4.68890279e-01
 -6.25668183e-01
 -8.79626206e-01
 -4.51533048e-02
 -1.88039350e-02
 1.35518926e-01
 0.00000000e+00
 4.04589037e-01
 -1.25067327e-01
 -7.45035154e-01
 3.71370895e-01
 9.03740370e-02
 3.81806635e-01
 -3.78038122e-01
 -4.80470370e-01
 -7.13583559e-01
 8.25851120e-01
 -3.32451230e-01
 3.72521227e-03
 2.80051053e-01
 -1.17118086e+00
 1.76426972e-01
 7.33332365e-01
 -2.08320955e-01
 3.79984203e-01
 -6.24578272e-01
 4.08213863e-01
 -5.58296613e-02
 -6.76957439e-01
 1.69442592e-01
 -1.03196441e-01
 1.51169942e-01
 -8.85363020e-02
 4.84866814e-01
 -5.21718115e-01
 3.91787847e-01
 -7.41607235e-03
 -1.74013270e-01
 6.28824585e-02
 -5.91853239e-02
 5.04951859e-01
 -5.86235927e-01
 7.13141070e-01
 0.00000000e+00
 -9.23226144e-01
 8.85873287e-01
 1.15869396e-01
 -7.62112588e-01
 8.63213037e-01
 -6.04068296e-01
 -2.18496412e-01
 2.07367130e-01
 2.59715481e-02
 2.67791485e-01
 3.70173065e-01
 1.38933052e-01
 -5.68718765e-01
 -1.63629945e-01
 -2.70493989e-01
 -2.21779971e-02
 -3.05951458e-01
 3.09647219e-01
 -8.49445816e-02
 3.25661003e-01
 7.42619737e-02
 -5.57051152e-02
 9.65884854e-02
 -1.89315271e-01
 5.17388870e-01
 -4.06099470e-01
 -3.18476665e-01
 4.80329787e-02
 2.89012057e-01
 5.57396776e-02
 2.75742998e-01
 -9.32981129e-02
 6.18453749e-01
 -1.26012672e+00
 3.92346691e-01
 6.68813915e-02
 -2.81880966e-01
 -5.91743213e-02
 -3.94224340e-01
 3.72049091e-01
 -5.91969639e-01
 -3.57453685e-01
 1.01908832e-01
 3.25098069e-01
 -4.74261841e-01
 3.63364845e-03
 5.08946478e-02
 7.64245377e-02
 2.40838042e-01
 -5.49565110e-01
 2.10485149e-01
 -6.54036570e-02
 1.34519775e-01
 4.31069365e-01
 -3.61872077e-01
 1.02123141e-01
 -4.83515696e-01
 -1.69919373e-01
 -6.49451654e-02
 -4.70492517e-01
 -2.14228775e-01
 9.59425404e-01
 -6.70029454e-01
 -2.60877790e-01
 -2.66807737e-01
 3.13179694e-01
 2.14149551e-02
 3.00641311e-01
 -7.94731164e-01
 7.08323136e-02
 2.69958230e-01
 1.06821475e-02
 1.60468998e-01
 -7.06282498e-01
 5.35131348e-01
 -8.18310240e-02
 5.68075545e-01
 -6.42689832e-01
 -6.32106185e-01
 -2.97739740e-01
 1.15397813e+00
 -9.36956441e-01
 2.03768553e-01
 -7.30883965e-01
 1.32522097e+00
 -6.64683935e-01
 -4.62132338e-01
 -1.39457402e-02
 6.97244303e-03
 -1.60150357e-01
 -5.84523957e-01
 1.68856121e-01
 6.00228468e-01
 -2.08891828e-01
 -1.73730427e-02
 -1.04212741e-02
 -4.18734616e-01
 -2.71722539e-01
 1.30538333e-01
 2.30899098e-01
 -3.79737000e-02
 -3.47477249e-01
 -1.71462314e-02
 1.02955939e-01
 -1.23524511e-01
 1.81949978e-01
 2.23951835e-01
 -6.76020199e-01
 4.76143547e-01
 3.96998745e-01
 1.94334247e-01
 -1.83940354e-01
 -2.10968139e-01
 5.18044808e-02
 1.27987701e-01
 2.32499991e-01
 -2.39425651e-01
 2.08138858e-01
 1.70547959e-01
 -1.94870219e-01
 1.84413796e-01
 -8.35822683e-02
 4.17757806e-02
 -1.53027945e-01
 7.64624511e-02
 -6.95538740e-03
 2.12522961e-01
 -2.57712230e-01
 -1.31885764e-01
 1.73597659e-01
 -3.47716154e-03
 2.05517228e-01
 1.74508707e-02
 -1.98623498e-01
 7.30964307e-02
 -4.87413953e-02
 -1.35559544e-01
 -3.81762806e-02
 4.16481260e-02
 -4.32339158e-01
 7.77106055e-01
 -6.63295640e-02
 -1.53309281e-01
 -4.26385488e-01
 6.63492320e-01
 -1.81405788e-01
 2.43863707e-02
 -1.98271137e-01
 2.22667963e-01
 2.09545335e-01
 -2.96628860e-01
 -6.95709123e-02
 -1.00726669e-01
 8.68227048e-02
 7.65139519e-02
 -2.88128269e-01
 2.25518282e-01
 3.62701033e-01
 -3.14790013e-02
 -2.96447223e-01
 -1.73661412e-01
 2.25863557e-01
 -2.53600110e-01
 1.17974168e-01
 -6.94645323e-03
 2.15735992e-01
 2.90093317e-01
 -3.63256914e-01
 1.49912168e-01
 -3.14096435e-02
 1.04679572e-02
 5.08252919e-01
 -3.68496156e-01
 -8.04019876e-02
 2.44581757e-02
 6.99383376e-02
 1.22598578e-01
 -3.98356440e-01
 -3.36769590e-01
 2.88040130e-01
 2.08789399e-02
 -2.88145901e-01
 1.10919086e-01
 -9.01382929e-02
 2.53444962e-01
 9.40271758e-02
 -1.63576797e-01
 -1.04164938e-01
 4.77248562e-01
 7.00069528e-02
 -5.78467729e-01
 2.04926774e-01
 -5.23001527e-01
 3.80516373e-01
 -4.01198310e-01
 2.59070172e-01
 -1.07226374e-01
 -1.00124735e-01
 2.07009037e-02
 -8.27580924e-02
 -1.41097984e-01
 -2.05849137e-01
 -1.26565068e-01
 2.29395387e-01
 8.58359076e-02
 -5.16461342e-01
 -4.76433432e-02
 1.90817583e-01
 -3.97932759e-01
 -1.01577992e-01
 1.08356458e-01
 -3.00844364e-01
 -2.22048499e-01
 -3.18055553e-01
 -1.73318092e-01
 2.06711262e-01
 -3.23060122e-01
 2.19607249e-01
 1.43551452e-01
 1.43926819e-01
 -4.57251973e-01
 1.73107851e-01
 -2.56138588e-01
 -2.74761273e-01
 3.21242974e-01
 -3.70751348e-01
 -1.97907578e-02
 -2.43495748e-01
 -4.26637655e-02
 -2.03012415e-01
 -1.24051320e-01
 -3.63972687e-01
 4.09642659e-01
 1.01264004e-01
 -2.61508169e-02
 -3.74524228e-01
 -4.54168895e-02
 -1.29692058e-02
 3.83911618e-01
 -5.26366440e-01
 -1.45301834e-01
 1.28997568e-02
 3.68954633e-01
 -2.72107209e-01
 -6.51930964e-01
 2.55412857e-02
 -3.34253374e-01
 -1.64755468e-01
 8.54818574e-02
 -8.86451903e-02
 1.71092224e-01
 1.04830027e-01
 6.36002173e-03
 2.86295650e-02
 -1.62029566e-01
 -6.05561351e-01
 -3.74949901e-01
 8.72473619e-02
 3.19070258e-01
 -3.78289777e-01
 -3.26053952e-01
 3.32284413e-01
 -1.30683139e-01
 1.58729449e-01
 -1.86992199e-02
 5.22980564e-01
 -3.32558310e-01
 -1.06222823e-01
 -1.55817570e-01
 2.62040393e-01
 -4.76304177e-01
 8.68695788e-01
 5.67471533e-02
 2.65632537e-01
 -1.10843116e-01
 -2.05234362e-01
 3.79521142e-01
 2.00346852e-01
 -4.75772187e-01
 1.83456890e-01
 -3.69422482e-01
 6.93608729e-01
 5.64080506e-01
 5.73353996e-01
 4.08620028e-01
 -3.82560722e-01
 6.85285332e-01
 1.85094707e-01
 1.12685818e-01
 1.06269682e-01
 -1.26172299e-01
 -2.32105688e-02
 1.16151432e-01
 -3.34510433e-01
 2.18359001e-01
 1.02864501e-01
 2.36323045e-01
 7.42154656e-01
 8.37936769e-01
 5.17145379e-01
 3.09089252e-01
 8.77299589e-01
 2.72930987e-01
 8.30196678e-01
 3.39765808e-01
 5.02390835e-01
 1.24436731e-01
 2.42302099e-01
 6.99369752e-01
 2.72329278e-01
 2.69810895e-01
 2.52161042e-01
 1.62389289e-01
 1.51450528e-01
 3.15466303e-01
 3.01783159e-01
 4.84415066e-01
 -7.71894685e-03
 -3.00287786e-01
 4.43244637e-01
 -1.77680175e-01
 3.94677453e-01
 -2.09260456e-01
 8.51689437e-02
 7.32610577e-01
 2.15964415e-01
 6.08681727e-01
 1.19261290e-01
 2.39198706e-01
 2.12044768e-01
 1.84613407e-01
 -2.96725209e-01
 -2.19645177e-01
 5.98278590e-02
 1.99551704e-02
 1.91889476e-01
 3.57333509e-01
 -2.57161177e-01
 -6.01223222e-02
 -2.99761460e-01
 -2.39198537e-02
 -1.67186460e-01
 -2.42033602e-01
 2.65890355e-01
 2.35071535e-01
 -3.86012439e-01
 3.46108375e-01
 1.00518068e+00
 1.62120219e-02
 7.62502357e-01
 3.69258321e-02
 2.54950286e-01
 -9.46950982e-02
 -4.42816749e-01
 2.78457652e-01
 -1.88499423e-01
 -1.96111320e-01
 -7.46276020e-01
 2.50495008e-01
 -3.63301156e-01
 -4.25253521e-01
 3.16664550e-01
 9.24900548e-02
 3.26795721e-01
 3.89482408e-01
 3.75476789e-01
 -3.38841620e-01
 3.71595099e-01
 1.39387342e-01
 3.74545209e-01
 -4.52475091e-01
 -2.08717717e-01
 4.63361595e-01
 9.47190847e-02
 1.73321706e-01
 4.02058156e-01
 -2.07555240e-01
 -1.73838644e-01
 -9.91288302e-02
 -9.09838293e-01
 -7.72774324e-02
 -2.15073989e-01
 -3.43431638e-01
 -7.24908079e-02
 -3.62145733e-02
 -9.06658366e-01
 -4.34717062e-01
 -6.54271114e-01
 8.47546956e-01
 5.55506156e-01
 -3.73521539e-01
 1.98126422e-02
 -2.25495643e-01
 -3.89737628e-01
 -2.85836174e-01
 5.47165871e-02
 4.34041182e+00
 5.68037142e+00
 3.55621821e-01
 2.28907665e-01
 1.83467833e+00
 6.07155154e+00
 -1.00374549e+00
 2.26973719e-01
 4.76302371e-01
 -3.55712649e-02
 4.02403420e-01
 7.90364982e+00
 1.32161069e+01
 -4.43628837e-01
 -2.08043195e-01
 -4.47025264e-01
 4.27544880e-01
 4.84852878e+00
 8.83637209e+00
 6.28132457e-01
 -6.87758557e-01
 -8.19303799e-02
 -2.89963419e-01
 3.49542777e-01
 -1.04241588e-01
 -1.85887190e-01
 8.27875269e-01
 -1.42173670e-01
 4.57137256e-01
 -4.49659234e-01
 5.09759448e-01
 3.38704325e-01
 -3.31189384e-01
 5.34935338e-01
 -3.61943474e-01
 8.23709085e-01
 1.31293891e+00
 4.54110457e-01
 1.85273818e-01
 -8.92541396e-01
 -4.74012125e-01
 3.82103395e-01
 -6.41153086e-01
 -5.31356550e-01
 3.33684772e-01
 2.35727778e-01
 0.00000000e+00
 -6.84909938e-02
 -1.10493786e+00
 2.63832191e-01
 5.22063767e-01
 6.92471930e-01
 5.28078219e-01
 -4.51706851e-01
 -1.98451821e-01
 -1.90470869e-01
 -6.07221411e-01
 3.94298386e-01
 4.33900890e-01
 5.81297296e-01
 5.22799980e-01
 -5.45806010e-01
 -5.73545859e-01
 1.06828045e-01
 4.59050238e-01
 -7.18304081e-01
 4.04406245e-01
 7.44130097e-01
 -2.69097642e-01
 3.46106884e-01
 -8.66998289e-01
 8.28486760e-01
 -3.22951966e-01
 2.84454254e-01
 8.19117967e-01
 -7.96020996e-01
 1.61818104e-01
 -7.91349956e-01
 -1.53082421e-02
 -1.91168008e-01
 -2.89920394e-01
 1.43436379e+00
 -2.85333353e-01
 -1.29369503e+00
 -3.64593275e-01
 -9.81178402e-01
 -5.24565172e-01
 8.10428928e-01
 5.43769958e-01
 6.81682815e-02
 -6.94768089e-01
 -3.98178414e-01
 7.37439784e-01
 2.34348991e-01
 -1.06922529e+00
 4.27893449e-01
 9.44486355e-01
 4.94480673e-01
 -7.37073658e-01
 -1.28651856e-01
 -2.79467033e-01
 -9.23747468e-01
 -4.48537227e-02
 1.04688560e-01
 -4.18127747e-01
 -4.31304681e-01
 -9.45564657e-01
 8.41723388e-01
 -1.39177880e+00
 7.34059876e-01
 1.40062381e-01
 -5.16239565e-02
 -1.47355450e-01
 -3.60136388e-01
 8.76799165e-01
 -8.91471982e-01
 -1.07276574e+00
 4.51094270e-01
 -3.13066510e-01
 3.86009709e-01
 -2.18883969e-02
 1.07066464e+00
 9.77615958e-01
 -8.52225643e-01
 7.62971183e-01
 -9.84145943e-01
 -3.38219430e-01
 -1.04438989e+00
 -1.74245784e-01
 2.10584338e-01
 2.03734291e-01
 -1.01917740e-01
 -1.30858287e+00
 -9.01099011e-01
 -2.84750909e-02
 -5.39501292e-01
 -1.34423723e-01
 -4.58510727e-01
 -2.39000809e-01
 -8.32010818e-01
 -1.32198292e-01
 -5.96168037e-01
 1.00027485e+00
 6.23311508e-01
 1.67188831e+00
 -4.27700507e-01
 5.84979037e-01
 3.36825083e-01
 1.62808268e+00
 -3.27697514e-01
 -2.61405799e-01
 1.01578510e-01
 -2.09081095e+00
 -1.53838754e+00
 1.47166467e-01
 -2.03172666e-01
 3.85680614e-01
 3.73072585e-01
 2.11590273e-02
 9.42565133e-01
 1.63899612e-01
 4.86134144e-01
 -4.14790312e-01
 -9.27371505e-02
 1.08245198e+00
 1.83980427e+00
 8.80869657e-02
 -1.24092404e+00
 -1.01076274e+00
 7.13714783e-01
 -1.76429258e+00
 7.85117363e-01
 7.26279730e-01
 8.04205160e-01
 3.78928139e-01
 1.56684413e+00
 8.70823370e-01
 8.47979294e-01
 1.90825510e+00
 5.76886730e-01
 -2.23431046e-01
 -1.11021159e+00
 -1.90252788e-01
 1.16201672e+00
 1.83730928e+00
 1.21076733e+00
 2.21587462e-01
 1.82113696e+00
 1.27161669e+00
 -9.73238190e-01
 -1.61490197e-02
 -1.00468747e+00
 -2.63725059e-01
 6.56479754e-01
 4.26387108e-01
 9.67678682e-02
 -8.06457302e-02
 -9.71200884e-01
 -4.79378661e-02
 3.03958019e-01
 -5.43335746e-01
 7.03649497e-01
 -1.23639022e+00
 2.85928277e-01
 -6.34388612e-01
 -6.30737825e-01
 -3.45358791e-01
 -1.02177464e+00
 -5.96109648e-01
 -8.91837288e-01
 -3.66871813e-01
 3.05638843e-01
 -1.08864111e+00
 -1.58612362e+00
 9.66874075e-01
 2.33679925e-01
 -1.27513447e+00
 -7.28082582e-01
 -1.94356083e+00
 -1.01664993e-01
 -1.42708632e+00
 -1.04665006e+00
 -3.54096243e-02
 -1.37826765e+00
 9.33174920e-01
 1.83449401e-01
 -6.26569496e-01
 3.30395199e-01
 3.95094166e-01
 5.60026010e-01
 7.77842436e-01
 1.23968815e+00
 5.74475986e-01
 1.75163152e-01
 6.30125718e-01
 1.76537542e-01
 -1.76537542e-01
 1.69175794e-01
 6.62745833e-02
 7.24410575e-01
 7.22015352e-01
 -4.69505782e-01
 -5.63590106e-01
 -8.32353658e-01
 -9.49343385e-01
 -9.69433950e-01
 -1.77010462e+00
 9.02588367e-01
 8.57034150e-02
 1.00526714e+00
 -1.80243356e-01
 -7.60698495e-01
 -2.21392709e-01
 -8.87809849e-01
 5.88631096e-01
 2.13608495e-01
 1.14109805e-01
 0.00000000e+00
 -2.56565764e-01
 -1.06709963e-01
 9.42941586e-01
 -3.29600292e-01
 3.57741946e-02
 6.67711893e-01
 -7.17792225e-01
 3.58261221e-01
 -9.92841253e-01
 1.42164426e-02
 -4.11462898e-01
 -8.45976312e-01
 -1.89360684e-01
 -3.49718737e-01
 1.39651311e-02
 -4.88693616e-02
 2.07340991e+00
 -3.05945235e-01
 7.81766333e-02
 4.20349334e-01
 -5.19836328e-01
 2.77387209e-01
 -8.22811689e-01
 1.27251657e+00
 1.39021105e+00
 -1.29000433e+00
 -7.70461145e-01
 -9.19647714e-01
 2.45926190e+00
 -3.74521610e-01
 -9.01800208e-01
 1.99706298e-01
 -9.94593794e-01
 9.08956988e-01
 8.23682522e-01
 -6.02305459e-01
 2.13844080e+00
 7.84133707e-01
 1.04245239e+00
 1.04547287e+00
 5.56841699e-01
 1.35893743e-01
 5.60515577e-01
 2.10148375e+00
 1.41105987e+00
 2.90718843e-01
 -7.76135904e-01
 -8.58963246e-02
 0.00000000e+00
 1.20876260e+00
 1.03088431e+00
 -1.59331610e-02
 2.31256362e-01
 7.98560257e-02
 -1.38918727e+00
 -6.68446381e-01
 8.57926874e-01
 -4.88821490e-01
 -2.35972821e-02
 -1.27448610e+00
 1.23516863e+00
 1.67158699e+00
 -6.84385210e-01
 1.03181049e-01
 6.45084363e-01
 -5.25908892e-01
 -2.47581514e+00
 -5.34867292e-01
 -6.70631147e-01
 -8.44946903e-02
 4.77115269e-01
 -3.85557801e-02
 0.00000000e+00
 8.66976628e-01
 -1.18261271e+00
 -3.22373365e-01
 -5.35136776e-01
 -6.31052726e-01
 -7.32763080e-01
 4.90464906e-01
 -3.85018736e-01
 1.88559302e-01
 -7.82198204e-01
 1.47140742e+00
 1.73894136e+00
 1.75181844e+00
 2.90802645e-01
 2.63634680e+00
 -8.27142723e-01
 -4.23221938e-01
 7.91863728e-01
 5.55268800e-01
 7.26311179e-02
 8.34605207e-01
 4.56389393e-01
 -8.78522409e-01
 -1.25689749e+00
 2.24552965e-01
 -2.40810109e-02
 5.47122374e-01
 -8.83708325e-01
 -4.80002952e-02
 6.65856959e-01
 1.18102250e+00
 2.84984578e-01
 4.08378896e-01
 1.14612086e-01
 2.54199180e-01
 -6.54832126e-01
 -2.03004239e+00
 -4.00002717e-01
 1.35785059e+00
 9.70487006e-02
 3.23683271e-02
 6.33062341e-01
 -4.71079858e-01
 3.16542269e-01
 1.78957742e-01
 1.49973596e+00
 -1.00203778e+00
 6.31398794e-01
 -1.56128224e-01
 9.06898981e-01
 -4.87329893e-01
 -9.76580650e-01
 -1.17860244e+00
 -4.11606423e-01
 -8.66636804e-01
 -7.40866893e-01
 -1.98310551e-01
 -8.84053759e-01
 -1.49266505e-01
 -1.17127816e+00
 2.95529314e-01
 1.43458095e+00
 1.46163467e+00
 1.52039424e-01
 5.37809873e-01
 2.41420917e-02
 8.07745653e-01
 9.03483011e-01
 4.01157104e-01
 1.07952512e+00
 1.35768508e+00
 2.39593792e+00
 -4.18403730e-01
 -8.57702757e-01
 -1.69203016e-02
 2.54064577e-01
 9.70548758e-01
 2.39622688e-01
 4.46320754e-01
 -8.22650098e-01
 5.39210786e-01
 -1.00791985e+00
 -3.40143583e-02
 3.06488121e-01
 8.38435558e-01
 -6.86697184e-02
 -2.14333419e-01
 -2.99407681e-01
 -1.75518241e+00
 1.91762271e+00
 4.27850530e-02
 -2.38039719e+00
 -7.27138234e-01
 -6.89421072e-01
 -1.33367827e+00
 4.91158950e-02
 -5.87980635e-01
 -4.55198761e-01
 9.04073267e-01
 6.72569900e-01
 5.60790521e-01
 -5.27879574e-01
 -8.93410083e-01
 -6.91805229e-01
 -1.43498615e+00
 -3.59859256e-01
 1.19823014e-01
 -7.19093992e-02
 1.19654990e+00
 7.94061398e-01
 1.20994943e+00
 5.19008091e-01
 7.70517383e-01
 -1.32934108e-01
 -3.32093212e-02
 -5.80930323e-02
 -1.31160130e+00
 -7.84601482e-01
 -7.46797692e-01
 -7.73976606e-01
 -1.39713808e+00
 -1.90233888e-01
 -2.85296248e+00
 2.70336570e-01
 -1.27616299e+00
 1.04440435e+00
 4.25272665e-01
 7.74779244e-03
 3.41454684e-01
 8.50544828e-01
 4.94651586e-01
 -1.00265986e+00
 -2.72560411e-01
 -2.09792686e-01
 4.65854126e-02
 -5.34521518e-01
 -1.41251660e+00
 -5.93185975e-01
 7.30546164e-01
 6.87465444e-02
 1.06740462e+00
 2.05688208e+00
 -5.50444559e-02
 -1.11064637e+00
 -1.48380173e+00
 -8.10467440e-01
 -9.32770395e-01
 -1.69264935e+00
 -5.94182332e-02
 -1.34999328e+00
 -2.34265199e-01
 -4.74215438e-01
 -7.54210776e-01
 3.83662438e-01
 4.65216461e-01
 3.94173290e-01
 -1.18523319e+00
 -3.10393212e+00
 -2.06042025e+00
 -2.80146300e+00
 -1.48235795e+00
 -1.64013207e-01
 -1.02351935e+00
 -7.23373257e-01
 -1.27152981e+00
 -2.49746818e+00
 -1.90577459e+00
 -1.40882728e+00
 -6.57636963e-01
 -1.18037965e-02
 5.26827424e-01
 2.24306367e+00
 -1.55159929e+00
 1.80166343e+00
 1.75159255e+00
 3.04585181e+00
 1.46647199e+00
 2.55185816e+00
 1.91999669e+00
 1.49823580e+00
 7.82269944e-01
 2.34114357e+00
 2.79397518e+00
 2.30434582e+00
 1.80220237e+00
 5.07350678e-01
 3.16384573e-01
 8.61244591e-01
 4.67498403e-02
 -1.07016141e+00
 -7.45893477e-01
 -5.04557463e-01
 -8.58346349e-01
 3.71351080e-01
 -2.27512284e-01
 -1.22017093e+00
 -1.19134012e+00
 1.27374522e+00
 8.95623563e-01
 7.50926550e-01
 4.34771783e-01
 -7.69173663e-01
 -9.29241588e-01
 -1.50422317e-02
 4.37098541e-01
 1.29929088e+00
 3.13897836e-01
 -1.10600344e+00
 -5.31032821e-02
 -7.63253041e-01
 -1.42967576e-01
 4.74796485e-01
 -7.75147511e-01
 -1.81370442e+00
 -2.30261007e+00
 -1.69344411e+00
 -2.13806901e+00
 -1.71865055e+00
 -9.96601010e-01
 -2.13441991e+00
 6.61898734e-01
 -3.02630654e+00
 -4.04326967e-01
 9.97949842e-01
 -2.97284309e-01
 -8.41444478e-01
 -5.29197302e-01
 1.71815564e-01
 1.33856083e-01
 7.94362683e-01
 3.54526551e-01
 4.98612410e-01
 2.27523579e-01
 -6.50631189e-02
 3.12715169e-01
 -1.51470389e+00
 -5.76074239e-01
 -2.16696948e-01
 6.83682279e-01
 8.63369968e-01
 7.21276440e-01
 1.36664481e+00
 1.63534539e+00
 9.26727917e-01
 1.15550218e+00
 1.71365708e+00
 2.86798782e+00
 1.25340638e+00
 2.19548914e+00
 1.61319533e+00
 2.87708534e-01
 3.26509606e-01
 1.67861801e+00
 1.19630138e+00
 6.25082794e-02
 6.11346312e-01
 7.41331195e-01
 -3.71293681e-01
 2.68469461e-01
 9.49112395e-02
 3.40774334e-01
 9.64621847e-01
 -2.23969028e-01
 1.19706958e+00
 2.50681946e-01
 -1.19174989e+00
 -1.01252789e+00
 7.40545807e-01
 -4.94249796e-01
 4.86260438e-01
 3.92158595e-01
 -7.67007695e-01
 -9.51310187e-01
