 2.77837647e+00
 2.66173284e+00
 2.61248296e+00
 1.94727862e-01
 2.57200229e+00
 2.67636589e+00
 2.73653975e+00
 2.09844429e-01
 2.78785879e+00
 2.82139633e+00
 3.07757073e+00
 3.21447164e+00
 3.31262129e+00
 3.05564207e+00
 6.64254048e-01
 6.32602637e-01
 3.06372365e+00
 3.10046651e+00
 3.14525076e+00
 3.31653435e+00
 3.38235234e+00
 3.42018301e+00
 2.53311547e-01
 3.49298406e+00
 3.41042081e+00
 3.47402856e+00
 3.56897185e+00
 3.66938466e+00
 3.71668842e+00
 8.75588716e-01
 3.72813479e+00
 3.83090061e+00
 3.88885550e+00
 3.85013007e+00
 3.81959050e+00
 3.85287730e+00
 3.92967353e+00
 4.09714415e+00
 1.01942440e+00
 4.13231230e+00
 4.19930626e+00
 4.40419684e+00
 4.35358137e+00
 4.24309240e+00
 4.16694182e+00
 4.01203398e+00
 3.79030836e+00
 3.64611595e+00
 3.54230609e+00
 3.58233862e+00
 3.54782224e+00
 3.66950337e+00
 8.51832412e-01
 3.74562452e+00
 3.83958844e+00
 2.00265573e-01
 3.71826119e+00
 3.90216574e+00
 3.88305933e+00
 3.89275627e+00
 4.01377719e+00
 7.09941578e-01
 4.08693057e+00
 8.71041010e-01
 4.12789670e+00
 4.16807664e+00
 4.26797226e+00
 4.22492334e+00
 4.28782068e+00
 4.34796743e+00
 1.02460195e+00
 4.44909083e+00
 4.51440857e+00
 4.54193618e+00
 4.61290748e+00
 4.61931278e+00
 4.57478898e+00
 4.54636651e+00
 4.52509061e+00
 4.36246352e+00
 4.31326131e+00
 4.28830096e+00
 4.21015793e+00
 5.84901126e-01
 4.25713424e+00
 4.21890901e+00
 4.29836163e+00
 4.41636394e+00
 4.47194396e+00
 4.46856325e+00
 4.48980564e+00
 4.57621249e+00
 4.66327741e+00
 4.78371200e+00
 4.69627310e+00
 4.67252913e+00
 4.49480434e+00
 4.41995665e+00
 4.46703510e+00
 4.58326390e+00
 4.66525579e+00
 4.73449819e+00
 4.69320131e+00
 9.28544767e-01
 4.64667679e+00
 4.67702380e+00
 4.64908125e+00
 4.54600541e+00
 4.51054851e+00
 9.90138712e-01
 4.66391656e+00
 9.26630954e-01
 4.66796786e+00
 4.79352658e+00
 4.65747624e+00
 4.56339239e+00
 4.36626500e+00
 1.06580981e+00
 4.37448870e+00
 4.34038959e+00
 4.23185718e+00
 4.13912065e+00
 4.00680630e+00
 3.98540028e+00
 3.92817765e+00
 3.95507714e+00
 3.85133238e+00
 5.30684757e-01
 3.76558271e+00
 3.64413047e+00
 3.59105071e+00
 3.63768036e+00
 3.67757178e+00
 3.54021885e+00
 3.44248844e+00
 3.39835542e+00
 3.26554544e+00
 3.22036759e+00
 2.47188763e+00
 5.89196114e-01
 3.13899521e+00
 3.20086285e+00
 3.24160311e+00
 3.25232639e+00
 3.17294466e+00
 3.13381929e+00
 2.99553584e+00
 2.83867841e+00
 2.89830718e+00
 3.86775205e-01
 2.79005238e+00
 2.63249765e+00
 5.76234903e-01
 2.68658052e+00
 2.48436726e-01
 2.64554697e+00
 6.50227463e-01
 2.68202872e+00
 5.46579941e-01
 2.73133657e+00
 2.62307611e+00
 2.52299016e+00
 2.35115393e+00
 5.71088007e-01
 2.27780214e+00
 2.23127254e+00
 2.24752998e+00
 2.26624389e+00
 2.14758896e+00
 3.67848259e-01
 2.11177545e+00
 2.08342925e+00
 2.00111787e+00
 1.93745183e+00
 2.02793347e+00
 2.01170022e-01
 2.12717725e+00
 2.05247089e+00
 2.09357878e+00
 2.02683959e+00
 2.05876674e+00
 1.99783072e+00
 1.88523279e+00
 1.92251591e+00
 1.85780507e+00
 1.81798715e+00
 3.31519776e-01
 1.75340292e+00
 1.71666234e+00
 1.70062836e+00
 1.64497293e+00
 1.53355497e+00
 1.50612956e+00
 1.52894909e+00
 1.57823598e+00
 1.61418230e+00
 1.69727986e+00
 1.76314392e+00
 1.85746599e+00
 2.05524771e+00
 2.18687769e+00
 5.41610280e-01
 2.13700804e+00
 5.20854136e-01
 2.10268921e+00
 2.04108299e+00
 2.09277859e+00
 3.27546061e-01
 2.00312016e+00
 2.03580613e+00
 2.08292001e+00
 2.14337927e+00
 2.22716230e+00
 2.30611502e+00
 2.38242169e+00
 5.82499636e-01
 2.48050177e+00
 2.53161100e+00
 2.46825058e+00
 2.57576095e+00
 6.12554669e-01
 2.54261283e+00
 2.48570896e+00
 2.56875950e+00
 2.61208017e+00
 2.59438379e+00
 2.64780556e+00
 2.61019653e+00
 2.72124255e+00
 2.71123500e+00
 2.70224696e+00
 2.74502890e+00
 2.78352872e+00
 2.82391751e+00
 2.96226272e+00
 7.34344090e-01
 3.01935343e+00
 3.01579446e+00
 2.96978153e+00
 2.99281442e+00
 2.96843164e+00
 3.17827030e+00
 4.24150131e-01
 3.40340215e+00
 3.52482039e+00
 3.58567063e+00
 3.62521927e+00
 3.64730700e+00
 3.67998411e+00
 3.63470466e+00
 3.49852075e+00
 3.55469714e+00
 3.63251891e+00
 3.70291738e+00
 3.66631183e+00
 3.79809188e+00
 3.72925751e+00
 3.76305017e+00
 3.88641872e+00
 3.97889030e+00
 4.04609712e+00
 4.08154808e+00
 4.13734187e+00
 9.42598034e-01
 4.18083063e+00
 4.21180703e+00
 4.25524518e+00
 4.33069520e+00
 4.39035055e+00
 4.53325608e+00
 4.38957104e+00
 9.47283989e-01
 4.32185206e+00
 1.06246191e+00
 4.23693166e+00
 2.57272214e-01
 4.06115138e+00
 4.15815699e+00
 4.22642456e+00
 4.16052469e+00
 4.20175912e+00
 4.24868555e+00
 4.34792792e+00
 4.35067041e+00
 4.43099847e+00
 4.50524490e+00
 7.79978484e-01
 4.54363059e+00
 4.63420143e+00
 4.74017709e+00
 6.12446921e-01
 4.72468398e+00
 4.68778370e+00
 4.78383473e+00
 4.67025540e+00
 9.06291335e-01
 4.62947066e+00
 4.64311048e+00
 4.69073471e+00
 4.79593049e+00
 4.70675124e+00
 4.71092996e+00
 4.74497329e+00
 4.67342469e+00
 4.71760494e+00
 4.62739800e+00
 1.06355891e+00
 4.58966872e+00
 4.66874110e+00
 4.81977307e+00
 4.90576156e+00
 4.95783869e+00
 4.91682309e+00
 4.99637010e+00
 4.98091206e+00
 5.10488230e+00
 5.26468464e+00
 5.21830821e+00
 5.29477031e+00
 1.29987800e+00
 5.26559118e+00
 5.03163799e+00
 5.11921322e+00
 5.04646151e+00
 5.15921546e+00
 1.12063742e+00
 5.26301192e+00
 1.28470333e+00
 5.12702043e+00
 4.98467459e+00
 1.06935294e+00
 5.01277221e+00
 4.83838885e+00
 4.65403012e+00
 1.01420040e+00
 4.62997431e+00
 4.59559304e+00
 4.62236300e+00
 4.65187463e+00
 4.48096329e+00
 4.35550224e+00
 4.44759191e+00
 4.57426970e+00
 7.82415195e-01
 4.53888186e+00
 4.56852395e+00
 4.60166442e+00
 4.38453273e+00
 1.06558141e+00
 4.51604504e+00
 4.38856564e+00
 4.38094166e+00
 4.18290524e+00
 4.26997203e+00
 4.26780076e+00
 4.15275858e+00
 4.03988464e+00
 4.08337051e+00
 4.12149293e+00
 9.79226246e-01
 4.03030015e+00
 4.22195011e+00
 4.36772602e+00
 4.50710009e+00
 4.40434908e+00
 8.26704188e-01
 4.58096797e+00
 4.41421116e+00
 7.23990096e-01
 4.47799424e+00
 8.67807861e-01
 4.44995239e+00
 4.60558045e+00
 4.57048028e+00
 4.60150918e+00
 4.54530451e+00
 4.42619340e+00
 4.39453243e+00
 4.39642277e+00
 4.48661671e+00
 4.55054291e+00
 4.75676769e+00
 4.84798191e+00
 5.01323913e+00
 4.97058374e+00
 2.34898300e-04
 4.89625616e+00
 4.82809474e+00
 1.09053896e+00
 9.76538929e-01
 4.86860184e+00
 4.96132864e+00
 5.05143406e+00
 5.30727134e+00
 5.46507846e+00
 5.45865981e+00
 1.16111800e+00
 5.31768283e+00
 5.19550060e+00
 5.02520332e+00
 1.43610770e-01
 4.83904753e+00
 4.67739261e+00
 4.48540120e+00
 1.09532273e+00
 4.49788703e+00
 4.46138519e+00
 4.49039811e+00
 4.52602044e+00
 4.26367782e+00
 4.13346209e+00
 4.10870316e+00
 4.13421838e+00
 3.98414868e+00
 4.15365966e+00
 4.38082546e+00
 4.45678392e+00
 4.52995538e+00
 4.58239964e+00
 4.52191846e+00
 4.64184539e+00
 4.81656159e+00
 4.77825258e+00
 1.02315174e+00
 1.05679118e+00
 4.82969599e+00
 4.77455074e+00
 4.73825623e+00
 4.47678663e+00
 4.34064934e+00
 4.25879280e+00
 4.15909092e+00
 4.20262056e+00
 4.29261608e+00
 4.35245692e+00
 4.37362401e+00
 4.19994502e+00
 4.06480587e+00
 9.16428739e-01
 4.12588099e+00
 4.05682070e+00
 3.30733998e+00
 4.01037213e+00
 4.11730670e+00
 4.21694243e+00
 4.26316318e+00
 4.36613207e+00
 7.92152693e-01
 4.41221252e+00
 4.41027566e+00
 4.40624881e+00
 4.19964575e+00
 4.15538871e+00
 4.07039782e+00
 4.10514658e+00
 4.20158055e+00
 4.29720657e+00
 7.61328933e-01
 4.23415249e+00
 4.11586607e+00
 3.95106119e+00
 6.91351332e-01
 3.83856404e+00
 3.92609143e+00
 3.99488263e+00
 4.06265057e+00
 4.34136466e+00
 1.05405266e+00
 4.24288776e+00
 4.22146421e+00
 4.28374626e+00
 4.18635503e+00
 6.25542315e-01
 4.29122703e+00
 4.40021762e+00
 4.30408907e+00
 8.38098243e-01
 4.15991036e+00
 4.10576693e+00
 3.99628883e+00
 3.97872331e+00
 3.95199976e+00
 3.92752417e+00
 3.72377751e+00
 3.63467064e+00
 3.55109219e+00
 3.46547894e+00
 3.42627924e+00
 3.35843917e+00
 3.27520536e+00
 3.18896435e+00
 7.16548735e-01
 3.19837605e+00
 3.31349386e+00
 7.64374335e-01
 3.48816798e+00
 3.64703495e+00
 3.72296625e+00
 3.71515458e+00
 3.64158980e+00
 3.66546967e+00
 3.76028015e+00
 7.95416583e-01
 3.83322984e+00
 3.75046906e+00
 3.83075083e+00
 3.89438258e+00
 3.73638961e+00
 3.86183555e+00
 3.53137701e+00
 3.96157473e+00
 4.01851141e+00
 4.19022235e+00
 5.58654405e-01
 4.28768087e+00
 9.17732647e-01
 4.25447565e+00
 4.40306102e+00
 3.58272478e-01
 4.40215698e+00
 4.35715445e+00
 7.15886432e-01
 4.29045273e+00
 4.25423515e+00
 3.95054140e+00
 4.10751080e+00
 4.00362945e+00
 4.05254526e+00
 4.12024983e+00
 4.28777379e+00
 4.24469373e+00
 4.68405284e-01
 4.32930729e+00
 4.20653726e+00
 9.84225738e-01
 4.26788851e+00
 4.34888326e+00
 4.46231514e+00
 4.52028595e+00
 4.71078750e+00
 4.84422990e+00
 4.89834964e+00
 4.95980675e+00
 5.13166166e+00
 8.88774889e-01
 5.10497921e+00
 5.18487479e+00
 1.04127321e+00
 5.17311783e+00
 5.08122939e+00
 1.23245915e+00
 5.03628555e+00
 4.94914350e+00
 4.86367084e+00
 4.62799958e+00
 4.58561445e+00
 4.51829727e+00
 4.42987318e+00
 5.58870688e-01
 4.42435239e+00
 4.44074433e+00
 4.37334769e+00
 4.27203520e+00
 4.26418101e+00
 4.43622945e+00
 5.89451926e-01
 4.54445741e+00
 4.60722606e+00
 4.66610217e+00
 4.85225430e+00
 4.94419104e+00
 5.00740171e+00
 1.19446079e+00
 5.04737137e+00
 5.11325349e+00
 5.27140828e+00
 5.11918247e+00
 5.25104682e+00
 5.25572001e+00
 5.15267021e+00
 9.46495690e-01
 5.05084856e+00
 5.11857636e+00
 5.09068374e+00
 5.07614136e+00
 4.99814101e+00
 4.96552525e+00
 1.06275092e+00
 4.89833209e+00
 4.85877835e+00
 4.73340214e+00
 4.65198331e+00
 4.57208996e+00
 4.49310246e+00
 4.42783879e+00
 4.27049949e+00
 4.11884182e+00
 3.98646892e+00
 3.84028417e+00
 3.65923328e+00
 3.51520207e+00
 3.44696099e+00
 3.30377264e+00
 3.27158663e+00
 3.14029268e+00
 2.97691921e+00
 2.88889198e+00
 2.72674467e+00
 2.58070847e+00
 2.50219607e+00
 2.28380475e+00
 2.16252331e+00
 2.00281704e+00
 1.87297565e+00
 1.82325334e+00
 1.67830742e+00
 1.58950425e+00
 1.50427427e+00
 1.40335382e+00
 1.30864371e+00
 1.20487268e+00
 1.10900935e+00
 1.03984831e+00
 9.40961638e-01
 8.72299816e-01
 7.57459431e-01
 6.89432307e-01
 6.11168628e-01
 5.43492120e-01
 4.74265038e-01
 3.97113255e-01
 3.54545108e-01
 2.86660870e-01
 2.55491766e-01
 2.12873173e-01
 1.66716543e-01
 1.20735034e-01
 1.00233446e-01
 8.08532387e-02
 1.86486113e-02
 8.02058914e-02
 8.13522934e-02
 8.08173765e-02
 8.13888599e-02
 8.62693138e-02
 8.09448192e-02
 8.35992110e-02
 7.79252307e-02
 8.07281530e-02
 7.42320926e-02
 7.19710583e-02
 7.88693938e-02
 8.29439086e-02
 7.99982965e-02
 7.61511315e-02
 7.80485033e-02
 7.37840521e-02
 7.79913125e-02
 8.11943654e-02
 7.88464268e-02
 7.85115584e-02
 7.87198956e-02
 7.79182600e-02
 1.91513731e-02
 7.86533896e-02
 8.26672604e-02
 7.68460990e-02
 1.87370482e-02
 7.61974871e-02
 7.60343019e-02
 7.67079610e-02
 7.32233916e-02
 1.67821783e-02
 7.27643662e-02
 8.88176857e-02
 9.27341537e-02
 9.59624645e-02
 9.31793703e-02
 1.05079562e-01
 9.37956855e-02
 1.08625621e-01
 2.56416005e-02
 1.15657054e-01
 1.19995680e-01
 1.17033750e-01
 1.31670531e-01
 1.44650660e-01
 3.38342473e-02
 1.54011968e-01
 1.47239649e-01
 1.60933588e-01
 3.70402576e-02
 1.61059888e-01
 1.70780234e-01
 1.58987756e-01
 1.63144844e-01
 1.78956353e-01
 1.73690897e-01
 1.72589088e-01
 1.82364392e-01
 4.29287174e-02
 1.97652691e-01
 2.06048745e-01
 1.95256911e-01
 2.10803682e-01
 2.05999293e-01
 2.08026265e-01
 2.05874532e-01
 2.09041943e-01
 2.31561369e-01
 5.47154106e-02
 2.41804314e-01
 2.36185495e-01
 2.38076026e-01
 2.23440567e-01
 2.27674169e-01
 2.51861179e-01
 2.70144406e-01
 2.52359867e-01
 2.58233444e-01
 2.61415655e-01
 2.68428744e-01
 3.09021581e-01
 2.68187875e-01
 6.37232224e-02
 2.56815004e-01
 2.69565239e-01
 3.00981934e-01
 7.10178854e-02
 2.82949331e-01
 6.38683602e-02
 2.95625395e-01
 3.07969868e-01
 2.98806468e-01
 2.86424469e-01
 2.91778825e-01
 3.07460423e-01
 2.75396710e-01
 3.00943100e-01
 5.23976210e-02
 3.20227600e-01
 3.04672385e-01
 3.35036364e-01
 3.24556800e-01
 3.22295528e-01
 3.50824153e-01
 3.30078514e-01
 3.24010016e-01
 3.26296529e-01
 3.23404833e-01
 3.23741194e-01
 3.42079303e-01
 3.47575649e-01
 3.24470952e-01
 3.31594680e-01
 3.14748376e-01
 2.98448734e-01
 3.10743741e-01
 6.55341611e-02
 3.09382633e-01
 3.26110606e-01
 3.45007297e-01
 3.18433250e-01
 3.25429345e-01
 7.88349170e-02
 3.22639185e-01
 1.16902071e-03
 3.36220041e-01
 3.40592172e-01
 3.42989759e-01
 3.29653857e-01
 3.33667776e-01
 3.30108722e-01
 3.33893242e-01
 3.23792331e-01
 7.72669457e-02
 3.38344674e-01
 3.31731027e-01
 3.21726277e-01
 3.36065961e-01
 6.68384924e-02
 3.33453655e-01
 3.42060666e-01
 3.34663517e-01
 3.31171792e-01
 3.37005125e-01
 3.10228463e-01
 3.30302823e-01
 3.13602435e-01
 3.11861275e-01
 2.95304813e-01
 3.10146298e-01
 2.96770895e-01
 3.11193164e-01
 3.16106426e-01
 3.24224644e-01
 2.99612712e-01
 7.16021374e-02
 3.12853167e-01
 2.94114637e-01
 3.02650056e-01
 3.23433937e-01
 3.20484758e-01
 3.35031331e-01
 3.17074999e-01
 3.06827497e-01
 3.31735767e-01
 3.03747689e-01
 3.13802742e-01
 3.60161416e-02
 3.08750868e-01
 3.04467278e-01
 2.83985767e-01
 3.15076312e-01
 3.10007472e-01
 2.91582036e-01
 3.03174781e-01
 2.93867856e-01
 2.91277513e-01
 3.08907836e-01
 2.92865218e-01
 2.71309370e-01
 2.85255641e-01
 6.92709103e-02
 2.97878361e-01
 3.02575097e-01
 3.05857636e-01
 2.84886772e-01
 2.92239027e-01
 2.96375168e-01
 2.91728639e-01
 2.77925620e-01
 2.82388097e-01
 2.80896870e-01
 2.89939229e-01
 2.84743707e-01
 2.82962224e-01
 2.66920246e-01
 2.80917189e-01
 2.85419941e-01
 2.94626370e-01
 2.73626663e-01
 5.97066681e-02
 2.79130132e-01
 3.00560346e-01
 2.86004748e-01
 2.91937948e-01
 2.88173200e-01
 2.75492894e-01
 5.84972090e-02
 2.61434461e-01
 2.71041494e-01
 2.78218230e-01
 2.80842658e-01
 2.75510325e-01
 2.61105736e-01
 5.99919729e-02
 2.58289047e-01
 2.59249519e-01
 2.41306959e-01
 5.99602265e-02
 2.41871360e-01
 2.55132490e-01
 2.48420695e-01
 5.49109860e-02
 2.46052612e-01
 2.55543029e-01
 2.29204748e-01
 2.36970604e-01
 3.92181658e-02
 2.38117817e-01
 2.28868539e-01
 5.39067644e-02
 2.33166777e-01
 2.23341702e-01
 2.31396980e-01
 2.28590798e-01
 2.33500731e-01
 2.55549560e-01
 2.39804380e-01
 2.31923849e-01
 2.35433467e-01
 2.38149019e-01
 2.30332919e-01
 2.49124392e-01
 2.31219718e-01
 2.42033385e-01
 2.33638216e-01
 2.30783767e-01
 2.45879013e-01
 5.84597127e-02
 2.33950863e-01
 2.28261901e-01
 2.48251187e-01
 2.26425238e-01
 2.16471304e-01
 2.15206722e-01
 2.09387135e-01
 2.06623243e-01
 2.08467703e-01
 2.15553346e-01
 2.20640135e-01
 2.04334976e-01
 2.19943726e-01
 4.01657423e-02
 1.88853983e-01
 2.08076923e-01
 2.12712600e-01
 5.19151313e-02
 1.90017800e-01
 2.08441131e-01
 1.87829996e-01
 2.05874332e-01
 1.79921408e-01
 2.00542936e-01
 4.73484241e-02
 1.87507502e-01
 4.17139034e-02
 1.96001465e-01
 1.94140180e-01
 1.85016289e-01
 2.04112222e-01
 1.81690342e-01
 1.86719087e-01
 1.88630805e-01
 1.92931609e-01
 1.88391732e-01
 1.78382108e-01
 1.81228054e-01
 4.01374458e-02
 1.80397457e-01
 4.28943539e-02
 1.70748086e-01
 1.92167485e-01
 1.79588768e-01
 1.87090827e-01
 1.71432309e-01
 1.75329607e-01
 1.72123817e-01
 1.65387446e-01
 3.82823143e-02
 1.78850395e-01
 3.95679643e-02
 1.77345417e-01
 4.26426369e-02
 1.78916545e-01
 1.77711097e-01
 1.77592611e-01
 1.70260436e-01
 1.69594453e-01
 1.75437364e-01
 1.65249622e-01
 1.62300654e-01
 1.58062783e-01
 3.72721056e-02
 1.70250257e-01
 4.23597715e-02
 1.63391935e-01
 1.66223599e-01
 1.67675593e-01
 1.68756755e-01
 1.56625265e-01
 1.66729899e-01
 1.61047141e-01
 1.79239909e-01
 1.57469805e-01
 1.69859219e-01
 1.66414451e-01
 1.74822394e-01
 1.61818465e-01
 2.74721936e-02
 1.68227577e-01
 1.54814551e-01
 1.53114088e-01
 1.59554998e-01
 1.56153219e-01
 1.50177267e-01
 3.70879988e-02
 1.48563623e-01
 1.62633401e-01
 1.60707948e-01
 1.61214816e-01
 1.59886477e-01
 1.69368570e-01
 1.57602276e-01
 3.54742168e-02
 1.63152887e-01
 1.69057274e-01
 1.63460856e-01
 1.76453516e-01
 3.02347711e-02
 1.71789786e-01
 1.81844202e-01
 1.85416056e-01
 1.93270095e-01
 1.85564875e-01
 1.78690881e-01
 1.90983685e-01
 2.01298693e-01
 1.90580738e-01
 2.72802601e-02
 1.79307810e-01
 1.72900032e-01
 1.78307973e-01
 1.69668901e-01
 1.72310646e-01
 1.94356844e-01
 1.88165071e-01
 1.70427508e-01
 1.73934522e-01
 1.63922484e-01
 1.67276275e-01
 1.61808021e-01
 1.67531936e-01
 4.09515384e-02
 1.48878611e-01
 1.46078909e-01
 1.46373524e-01
 1.51084021e-01
 1.57153433e-01
 1.45007836e-01
 1.39308830e-01
 1.41628516e-01
 1.48018414e-01
 1.56343208e-01
 1.45141130e-01
 3.52616641e-02
 1.54432183e-01
 1.64246348e-01
 1.50018963e-01
 1.60397412e-01
 3.47079257e-02
 1.49775018e-01
 1.45447515e-01
 1.57992453e-01
 2.58057873e-02
 1.56428449e-01
 1.64852882e-01
 3.87774289e-02
 1.51566168e-01
 1.73295456e-01
 1.51018211e-01
 1.56268116e-01
 1.51938457e-01
 1.39035020e-01
 1.50891054e-01
 1.63480897e-01
 3.80534177e-02
 1.57164328e-01
 1.60740055e-01
 1.65452791e-01
 1.67166387e-01
 1.62610146e-01
 1.66102937e-01
 1.53132389e-01
 1.59131979e-01
 1.70424459e-01
 3.08947144e-02
 1.67190277e-01
 2.70404138e-02
 1.64311765e-01
 1.71311092e-01
 3.96794446e-02
 1.67560454e-01
 1.71391571e-01
 1.74086593e-01
 1.84445789e-01
 1.78164450e-01
 4.25454902e-02
 1.89471854e-01
 1.83454512e-01
 1.85241180e-01
 1.86737662e-01
 1.85828070e-01
 1.86748029e-01
 1.98113559e-01
 1.96960876e-01
 1.93267283e-01
 1.89154449e-01
 1.99320914e-01
 1.94915386e-01
 1.93103095e-01
 1.72377731e-01
 1.90843854e-01
 1.83202137e-01
 4.46745331e-02
 1.84935299e-01
 1.78374972e-01
 1.91483992e-01
 1.76618694e-01
 1.66693804e-01
 1.78900373e-01
 3.65523002e-02
 1.82548642e-01
 1.79561492e-01
 1.86788967e-01
 1.76941112e-01
 1.83187231e-01
 1.76595506e-01
 1.74553004e-01
 1.78659162e-01
 1.83439781e-01
 1.79580620e-01
 1.71417062e-01
 1.88614907e-01
 1.84868805e-01
 2.01766940e-01
 1.98615550e-01
 1.91081231e-01
 1.92938563e-01
 1.93789695e-01
 1.99753573e-01
 1.97613748e-01
 2.04530860e-01
 1.97851613e-01
 1.90021200e-01
 1.97436127e-01
 2.00189400e-01
 2.02398531e-01
 2.08060341e-01
 2.04472155e-01
 2.03256695e-01
 4.96469849e-02
 1.90892783e-01
 2.00712258e-01
 3.90752479e-02
 1.85573576e-01
 4.55464763e-02
 1.89775974e-01
 1.90970539e-01
 2.07308486e-01
 1.92044154e-01
 2.02474832e-01
 1.96164900e-01
 1.94948553e-01
 2.03140427e-01
 2.07943753e-01
 1.90533561e-01
 1.83749792e-01
 2.16292072e-01
 1.99925224e-01
 2.07820957e-01
 2.11149009e-01
 2.15508627e-01
 2.26784896e-01
 2.18490076e-01
 2.35099807e-01
 3.44133932e-02
 2.29073508e-01
 2.18961625e-01
 2.15587982e-01
 2.12739755e-01
 2.17920708e-01
 2.23961961e-01
 2.33476266e-01
 2.25954320e-01
 2.28273099e-01
 2.36059242e-01
 2.18596302e-01
 2.30964000e-01
 2.26782472e-01
 2.35930846e-01
 2.26694587e-01
 5.51141444e-02
 2.21609727e-01
 2.29574450e-01
 2.41333585e-01
 2.36666156e-02
 2.35632506e-01
 2.29309624e-01
 2.25571033e-01
 2.15037467e-01
 2.28788746e-01
 2.37567311e-01
 2.16098277e-01
 2.34642437e-01
 2.47671600e-01
 2.44118861e-01
 2.26721324e-01
 4.94635369e-02
 2.17305777e-01
 2.36710809e-01
 2.41431793e-01
 2.32542533e-01
 2.46346693e-01
 2.25183586e-01
 2.31964636e-01
 2.36221656e-01
 2.34114165e-01
 2.43494583e-01
 2.58869383e-01
 2.34988629e-01
 2.27065525e-01
 2.38723560e-01
 3.35300489e-02
 2.47383031e-01
 2.45745907e-01
 2.32113706e-01
 5.54764476e-02
 2.40745351e-01
 2.33264327e-01
 2.44057649e-01
 4.68973675e-02
 2.42693485e-01
 2.59776153e-01
 6.17276364e-02
 2.67901265e-01
 2.55814916e-01
 2.74960827e-01
 2.57638620e-01
 2.86072483e-01
 2.71818873e-01
 2.79223592e-01
 2.91711507e-01
 2.95771649e-01
 2.91160351e-01
 2.81126078e-01
 2.64534408e-01
 2.58804329e-01
 2.64602228e-01
 3.73220660e-02
 2.56874659e-01
 2.77254499e-01
 2.73948834e-01
 2.78249592e-01
 2.97034184e-01
 2.78478567e-01
 2.84687074e-01
 2.64960000e-01
 2.75931268e-01
 3.04769724e-01
 2.90288294e-01
 2.74041327e-01
 2.78099012e-01
 2.96718116e-01
 6.09577293e-02
 2.82355926e-01
 3.05543168e-01
 2.72324986e-01
 3.12368136e-01
 2.74873580e-01
 2.72953987e-01
 3.17375227e-01
 3.09092231e-01
 2.79375280e-01
 2.93444567e-01
 2.63030438e-01
 2.73124907e-01
 2.91874520e-01
 2.99538594e-01
 2.69301390e-01
 2.80943609e-01
 2.55555858e-01
 2.47216186e-01
 2.55219772e-01
 2.43431577e-01
 2.49090612e-01
 2.65924834e-01
 2.74656286e-01
 2.78637795e-01
 2.49279552e-01
 6.11726832e-02
 2.69557925e-01
 2.49915857e-01
 2.44563380e-01
 2.67150423e-01
 2.74325230e-01
 2.57826928e-01
 2.68134142e-01
 2.82181616e-01
 2.91505611e-01
 3.13081212e-01
 3.05043595e-01
 3.07597664e-01
 3.18714179e-01
 3.34178210e-01
 3.19682144e-01
 3.23835647e-01
 3.18222661e-01
 3.31345871e-01
 3.06359324e-01
 3.21832154e-01
 7.62952264e-02
 2.66935919e-03
 3.29846938e-01
 6.52881121e-02
 3.26953743e-01
 3.48547312e-01
 3.58755632e-01
 3.55338121e-01
 3.36645528e-01
 3.31917310e-01
 3.42919579e-01
 3.31200263e-01
 3.36746925e-01
 3.43928483e-01
 8.37337157e-02
 3.38919719e-01
 3.40771422e-01
 3.41013141e-01
 3.37536329e-01
 3.36666568e-01
 3.31015118e-01
 3.57994379e-01
 3.54323762e-01
 3.88244588e-01
 3.77152234e-01
 3.54939348e-01
 8.72851778e-02
 3.65085091e-01
 3.77170905e-01
 3.97172161e-01
 4.00692392e-01
 3.90272587e-01
 3.84258397e-01
 4.01758978e-01
 3.71204111e-01
 4.01561806e-01
 4.17213243e-01
 3.89474208e-01
 9.05546702e-02
 3.99226994e-01
 3.86020573e-01
 4.42002695e-01
 8.09962953e-02
 4.42670829e-01
 4.13340038e-01
 4.21023223e-01
 4.09224840e-01
 3.99418847e-01
 9.86245654e-02
 3.88258886e-01
 4.05810891e-01
 8.61622872e-02
 3.86516658e-01
 3.62252355e-01
 3.88942978e-01
 3.78806973e-01
 4.12835082e-01
 4.06658658e-01
 4.09542221e-01
 3.83471979e-01
 3.98400219e-01
 4.08421125e-01
 3.96857900e-01
 4.03733457e-01
 4.01680018e-01
 4.04068882e-01
 4.01960036e-01
 4.07371170e-01
 4.03071077e-01
 4.03003992e-01
 3.89193749e-01
 4.03498913e-01
 4.08830343e-01
 4.00572358e-01
 4.03467338e-01
 4.28123585e-01
 4.16424846e-01
 3.97869510e-01
 3.95206490e-01
 4.09918201e-01
 4.17943122e-01
 4.28343578e-01
 9.92804213e-02
 4.32902870e-01
 4.44827590e-01
 4.55002472e-01
 1.04629029e-01
 4.59775788e-01
 9.95898678e-02
 4.55666188e-01
 4.82314750e-01
 4.77684753e-01
 4.75157216e-01
 4.92817652e-01
 4.71093831e-01
 4.68681882e-01
 4.75642448e-01
 4.65259890e-01
 4.69733578e-01
 1.17594397e-03
 4.63825523e-01
 8.24720155e-04
 4.58650858e-01
 4.65764291e-01
 4.81131832e-01
 4.79750236e-01
 1.15626344e-01
 4.73584523e-01
 4.85620286e-01
 4.95790602e-01
 4.92269111e-01
 5.03203926e-01
 4.81123781e-01
 4.90274234e-01
 5.07430857e-01
 1.25592107e-01
 5.02912048e-01
 4.97727051e-01
 4.86356850e-01
 4.91721506e-01
 4.95242243e-01
 5.06921345e-01
 5.14140740e-01
 4.96776719e-01
 5.08030260e-01
 4.86044034e-01
 5.04936420e-01
 4.88877669e-01
 5.17935035e-01
 1.17806467e-01
 5.14201187e-01
 5.05222458e-01
 5.10482876e-01
 5.35815731e-01
 5.07628383e-01
 4.90144716e-01
 1.19455032e-01
 5.08755851e-01
 5.22402317e-01
 5.19362756e-01
 5.28840146e-01
 5.14455706e-01
 5.26177591e-01
 5.37153889e-01
 5.52095494e-01
 5.59341265e-01
 5.42423075e-01
 5.35137634e-01
 5.28663606e-01
 5.28300672e-01
 5.15309627e-01
 5.24703495e-01
 5.47350388e-01
 5.56363767e-01
 5.11957051e-01
 5.30020528e-01
 5.21384316e-01
 5.34409030e-01
 5.67202259e-01
 5.31144136e-01
 4.84224445e-01
 5.00884499e-01
 5.15871366e-01
 1.19550272e-01
 5.01482966e-01
 5.09791852e-01
 4.86522874e-01
 5.05349985e-01
 4.83088417e-01
 4.73418051e-01
 4.86317556e-01
 1.19184276e-01
 4.80696347e-01
 4.83976042e-01
 4.95023878e-01
 5.00963681e-01
 4.93149289e-01
 4.86017253e-01
 4.86432903e-01
 4.80428459e-01
 4.67829157e-01
 4.88891329e-01
 4.84128488e-01
 4.67516146e-01
 4.75258644e-01
 5.03084890e-01
 4.78380919e-01
 4.72225914e-01
 1.16260598e-01
 4.90195382e-01
 4.81314297e-01
 1.02282863e-01
 4.85360222e-01
 4.72684823e-01
 4.59884872e-01
 4.65459525e-01
 4.77743143e-01
 4.60082895e-01
 4.55561592e-01
 4.49366230e-01
 4.52676129e-01
 4.49513561e-01
 4.53346643e-01
 4.49562135e-01
 4.40771897e-01
 4.29165796e-01
 4.37351928e-01
 4.52953369e-01
 8.26146923e-02
 4.64900050e-01
 4.51900898e-01
 4.47487791e-01
 4.39289534e-01
 4.29316980e-01
 4.56730071e-01
 4.41224573e-01
 4.46226960e-01
 4.32643370e-01
 4.38715024e-01
 4.45318180e-01
 4.62872393e-01
 4.37893360e-01
 1.05472860e-01
 4.62734272e-01
 4.47958295e-01
 4.41824529e-01
 4.34225274e-01
 4.58777164e-01
 4.34959873e-01
 4.17724678e-01
 4.46680020e-01
 4.14122017e-01
 4.30185826e-01
 4.39946953e-01
 4.29270124e-01
 4.40807715e-01
 4.50741555e-01
 4.56767933e-01
 4.52411469e-01
 4.35522266e-01
 4.74642151e-01
 8.81390697e-02
 4.69108780e-01
 4.58103708e-01
 1.11783660e-01
 4.40794869e-01
 4.25741858e-01
 4.48725619e-01
 4.58715333e-01
 4.41225625e-01
 4.54463370e-01
 4.59857584e-01
 4.53167014e-01
 4.75262803e-01
 4.65002835e-01
 9.40119590e-02
 4.54234416e-01
 4.63825624e-01
 4.72208051e-01
 4.51572127e-01
 4.64316377e-01
 3.16083927e-04
 4.61390219e-01
 4.69818447e-01
 4.55702861e-01
 4.60592394e-01
 4.42466230e-01
 4.58945896e-01
 4.73093988e-01
 4.80700726e-01
 4.83888780e-01
 4.68515493e-01
 4.79309097e-01
 4.75036774e-01
 4.71770908e-01
 4.78716205e-01
 4.91332648e-01
 4.79760467e-01
 8.47072351e-02
 4.74461226e-01
 4.84601628e-01
 4.80776967e-01
 4.83539413e-01
 4.69315647e-01
 4.55149049e-01
 4.97517661e-02
 4.57880936e-01
 4.60456746e-01
 4.54803113e-01
 4.66346654e-01
 4.52700953e-01
 4.59292297e-01
 4.56868343e-01
 4.70386768e-01
 4.65230851e-01
 4.60067743e-01
 4.65212238e-01
 4.78735256e-01
 4.60864420e-01
 1.10379816e-01
 4.20181137e-01
 4.63968031e-01
 4.55730139e-01
 1.09170068e-01
 4.38291411e-01
 4.30607683e-01
 4.37795089e-01
 4.30132068e-01
 4.39327045e-01
 4.63181555e-01
 4.41392241e-01
 4.36897512e-01
 4.20180152e-01
 4.40844571e-01
 1.00942725e-01
 4.50640259e-01
 4.55350497e-01
 1.73827749e-03
 4.40543392e-01
 4.18157353e-01
 4.28237241e-01
 4.27002682e-01
 4.36582196e-01
 4.44623373e-01
 4.36930306e-01
 4.19127874e-01
 4.41943157e-01
 4.39564184e-01
 4.48058717e-01
 4.44503247e-01
 4.35433631e-01
 4.63064458e-01
 4.36527631e-01
 4.25478606e-01
 4.50479980e-01
 4.19069177e-01
 3.99551717e-01
 3.95357080e-01
 4.32109932e-01
 4.07901693e-01
 9.10061558e-02
 4.24750249e-01
 4.00851910e-01
 4.59276254e-02
 4.01542901e-01
 3.98112992e-01
 3.80652769e-01
 3.71575699e-01
 3.74441270e-01
 3.76674772e-01
 4.08233335e-01
 3.89009023e-01
 4.07709811e-01
 9.99778218e-02
 4.46940828e-01
 3.83496670e-01
 4.04239575e-01
 4.01668029e-01
 1.39541389e+00
 2.23033526e+00
 1.56393283e+00
 6.48649367e-01
 4.34661293e-01
 3.94059634e-01
 4.01667567e-01
 3.92349939e-01
 4.04491878e-01
 4.11453898e-01
 4.36442915e-01
 4.18011337e-01
 3.97790759e-01
 4.12994109e-01
 4.00025275e-01
 4.04230361e-01
 3.88970996e-01
 9.29364571e-02
 4.05054173e-01
 9.46989040e-02
 4.23839600e-01
 4.03225968e-01
 4.37367547e-01
 6.67798438e-02
 4.31330279e-01
 4.19049097e-01
 4.14516720e-01
 4.10335878e-01
 4.17872757e-01
 4.10885666e-01
 4.29779813e-01
 4.06842589e-01
 4.19440901e-01
 4.35384492e-01
 4.41861809e-01
 4.26653759e-01
 4.14638860e-01
 3.14470229e-04
 3.98714095e-01
 3.92826484e-01
 4.04336210e-01
 4.19225621e-01
 4.14396589e-01
 4.07154906e-01
 5.79427125e-04
 4.05961844e-01
 4.02665893e-01
 4.10032431e-01
 4.02623932e-01
 4.20467053e-01
 3.87827160e-01
 3.98561989e-01
 3.95226861e-01
 3.98326298e-01
 3.83942949e-01
 3.93567200e-01
 9.44521904e-02
 3.75518420e-01
 3.92240487e-01
 4.14304438e-01
 1.02220774e-01
 4.12232856e-01
 9.25309906e-02
 4.18737752e-01
 4.02720204e-01
 3.93986684e-02
 4.02586323e-01
 4.01248843e-01
 4.05964221e-01
 3.93108164e-01
 4.08889235e-01
 3.95773925e-01
 3.72850661e-01
 3.84790261e-01
 4.02081910e-01
 3.86388356e-01
 3.79579966e-01
 3.77374830e-01
 3.90222206e-01
 9.56398692e-02
 3.87072951e-01
 3.91224327e-01
 9.23865710e-02
 3.92331165e-01
 3.84018287e-01
 3.92072654e-01
 3.64210610e-01
 3.73015836e-01
 4.10557049e-01
 3.91631420e-01
 4.03283362e-01
 3.91222580e-01
 4.19703559e-01
 1.01620305e-01
 4.04274678e-01
 3.88710568e-01
 3.99032863e-01
 3.82848166e-01
 4.19719784e-01
 3.89584288e-01
 4.21370457e-01
 4.07405116e-01
 4.18578583e-01
 4.12107982e-01
 3.82251551e-01
 4.00473792e-01
 4.03575143e-01
 4.33857211e-01
 4.15070952e-01
 4.37356173e-01
 4.05807866e-01
 4.47553087e-01
 4.31703651e-01
 4.20404968e-01
 4.49829711e-01
 8.72635781e-02
 4.38049875e-01
 4.50829208e-01
 4.36149227e-01
 4.33156049e-01
 4.34411844e-01
 4.76577390e-01
 4.38629593e-01
 4.48175155e-01
 4.54577653e-01
 4.49314340e-01
 4.61177833e-01
 5.01345325e-01
 4.67057534e-01
 4.89111414e-01
 1.14170502e-01
 4.84991864e-01
 4.87711345e-01
 5.18772880e-01
 5.46407252e-01
 5.03100574e-01
 5.15830154e-01
 1.25380092e-01
 5.53565094e-01
 1.34854298e-01
 5.26415556e-01
 5.46209309e-01
 5.38420767e-01
 5.25279565e-01
 5.06035760e-01
 4.93774303e-01
 8.29975968e-02
 4.83082966e-01
 4.87814231e-01
 4.91075895e-01
 5.15209056e-01
 5.22689132e-01
 5.29407714e-01
 5.07836740e-01
 4.97009060e-01
 4.88444393e-01
 4.57622179e-01
 5.02600500e-01
 4.94960673e-01
 5.22585160e-01
 1.25139632e-01
 5.16806386e-01
 5.02149130e-01
 5.14691496e-01
 4.96509657e-01
 4.72010727e-01
 4.55771507e-01
 4.69141398e-01
 4.88761743e-01
 4.74883244e-01
 4.89974309e-01
 4.69294980e-01
 7.52852943e-02
 4.75395463e-01
 4.82691040e-01
 4.74838636e-01
 4.47610108e-01
 1.09853718e-01
 4.41685593e-01
 4.22499313e-01
 4.66883965e-01
 4.51352654e-01
 4.58327492e-01
 4.73417834e-01
 4.80663201e-01
 4.83900493e-01
 4.72632529e-01
 4.84671871e-01
 4.48950663e-01
 4.65261295e-01
 4.31478857e-01
 4.64968420e-01
 4.90344025e-01
 4.71745892e-01
 4.84159190e-01
 4.51033801e-01
 4.60612157e-01
 4.64240810e-01
 4.70082806e-01
 4.50964888e-01
 4.61960146e-01
 4.84694426e-01
 5.05416622e-01
 1.20949529e-01
 4.96107852e-01
 5.13409011e-01
 4.86715641e-01
 4.83728026e-01
 4.89981921e-01
 5.33859265e-01
 5.06037517e-01
 5.00103084e-01
 4.99304736e-01
 5.01426316e-01
 4.57177853e-01
 4.85063341e-01
 8.18917733e-02
 4.89333411e-01
 5.06871551e-01
 4.98950601e-01
 5.22032077e-01
 5.39122764e-01
 5.11939859e-01
 5.25237447e-01
 5.15735462e-01
 5.00446659e-01
 5.14014256e-01
 5.21256328e-01
 5.47599338e-01
 5.34153236e-01
 5.25500243e-01
 5.18916039e-01
 5.05002142e-01
 5.38720665e-01
 5.21520289e-01
 5.81717744e-01
 5.61763032e-01
 5.37254275e-01
 5.46476016e-01
 5.19339240e-01
 5.46960512e-01
 5.01881055e-01
 1.23758916e-01
 5.03568716e-01
 5.04578194e-01
 5.15769956e-01
 5.05940801e-01
 4.95835907e-01
 5.08748963e-01
 4.90059510e-01
 4.70776572e-01
 4.98731138e-01
 5.11305367e-01
 4.74323152e-01
 4.61214726e-01
 4.88982553e-01
 4.71119769e-01
 4.78255647e-01
 4.89316116e-01
 4.98685361e-01
 4.86001460e-01
 4.97101125e-01
 5.11425951e-01
 4.73132536e-01
 1.03419722e-01
 4.64552395e-01
 4.67497878e-01
 4.59765317e-01
 4.44374901e-01
 4.41012726e-01
 4.47699254e-01
 4.29148783e-01
 9.76703497e-02
 4.41096569e-01
 3.59019513e-01
 4.44700823e-01
 4.28749000e-01
 9.82186154e-02
 4.42956793e-01
 4.05271718e-01
 1.01092124e-01
 4.25938265e-01
 4.37442820e-01
 4.21751718e-01
 9.14329809e-02
 4.40920588e-01
 4.25751181e-01
 1.03622373e-01
 4.26645591e-01
 4.29152969e-01
 4.17385036e-01
 4.39723093e-01
 4.25333288e-01
 4.32619225e-01
 4.24017051e-01
 4.19248897e-01
 7.36534452e-02
 4.06348942e-01
 4.14032839e-01
 4.23425548e-01
 3.98091497e-01
 3.94848990e-01
 4.10612774e-01
 4.19718163e-01
 4.07081771e-01
 4.04216498e-01
 4.08933692e-01
 3.94536230e-01
 4.30007862e-01
 9.71689631e-02
 4.55226168e-01
 4.21871049e-01
 1.03058375e-01
 4.35667217e-01
 4.32092606e-01
 4.37727611e-01
 4.23659324e-01
 4.18988188e-01
 4.24487501e-01
 4.36427060e-01
 4.40720572e-01
 4.57459296e-01
 4.75756695e-01
 4.61675437e-01
 4.67693731e-01
 1.12038348e-01
 4.71576543e-01
 4.65607437e-01
 4.51108013e-01
 4.84960250e-01
 4.76027669e-01
 4.62603316e-01
 4.28141726e-01
 4.76606643e-01
 3.59148124e-02
 4.58910610e-01
 4.65181056e-01
 4.75379924e-01
 6.41793996e-02
 4.85382993e-01
 5.05628383e-01
 4.58903677e-01
 4.73196803e-01
 5.14974443e-01
 4.97723462e-01
 4.85441660e-01
 4.95838836e-01
 4.70658332e-01
 4.88789865e-01
 4.49945514e-01
 5.22004917e-01
 5.05253898e-01
 4.51005514e-01
 4.61150058e-01
 4.40511357e-01
 4.67168983e-01
 4.41850002e-01
 4.29530063e-01
 4.56506097e-01
 4.70026924e-01
 4.44645378e-01
 4.60094034e-01
 4.50195350e-01
 4.61264013e-01
 4.92334899e-01
 4.47098452e-01
 4.26527321e-01
 4.53103918e-01
 4.49852964e-01
 4.34753428e-01
 4.29318106e-01
 4.23146967e-01
 4.47453561e-01
 4.33765792e-01
 4.57536159e-01
 4.44636354e-01
 4.59220291e-01
 4.39326478e-01
 4.47059681e-01
 8.51542999e-02
 4.71041043e-01
 1.14850012e-01
 4.39564387e-01
 1.05883127e-01
 4.74378978e-01
 4.40495844e-01
 4.55977577e-01
 1.05105807e-01
 4.47569055e-01
 4.90827336e-01
 4.84853710e-01
 5.03176460e-01
 4.80821717e-01
 4.73218485e-01
 4.80725853e-01
 4.83718786e-01
 4.84518503e-01
 4.92198646e-01
 4.82208705e-01
 4.94005910e-01
 4.68843332e-01
 4.83884544e-01
 4.96406552e-01
 4.83296410e-01
 4.75171975e-01
 5.10583860e-01
 5.24446415e-01
 5.15470109e-01
 5.23252472e-01
 5.18645435e-01
 5.09612759e-01
 5.26661941e-01
 5.37200707e-01
 5.56469550e-01
 5.32035239e-01
 5.29698992e-01
 5.41838990e-01
 5.53369334e-01
 5.45798602e-01
 5.38940940e-01
 4.99893963e-01
 8.28923656e-02
 5.08716456e-01
 5.15799282e-01
 5.25285522e-01
 5.04203037e-01
 5.38204455e-01
 5.26542958e-01
 5.37224350e-01
 5.63658263e-01
 5.37122574e-01
 5.07788157e-01
 5.24703979e-01
 5.12981742e-01
 5.34493581e-01
 6.96411346e-02
 5.41629524e-01
 5.52202136e-01
 5.45558292e-01
 5.38458141e-01
 5.57284263e-01
 5.28858122e-01
 5.40390709e-01
 5.31621361e-01
 4.89126473e-01
 7.48937966e-05
 4.84407817e-01
 4.83508456e-01
 4.89696046e-01
 4.69384628e-01
 4.91897651e-01
 7.39840131e-02
 5.09534817e-01
 5.24527966e-01
 5.19517354e-01
 5.12415249e-01
 4.77490390e-01
 4.86684036e-01
 4.99472023e-01
 4.75834528e-01
 9.79235336e-02
 4.38123086e-01
 4.43423608e-01
 4.50972089e-01
 5.06661699e-01
 4.81872787e-01
 4.73169760e-01
 1.01643955e-01
 4.44820778e-01
 4.63021239e-01
 4.91872168e-01
 4.75525220e-01
 1.14175102e-01
 4.83116725e-01
 4.58554049e-01
 4.77704507e-01
 4.88013112e-01
 4.94210390e-01
 4.97795161e-01
 5.03379209e-01
 4.74615563e-01
 4.66483091e-01
 4.97776535e-01
 4.64376088e-01
 1.07431573e-01
 4.80419625e-01
 4.47288733e-01
 4.56041371e-01
 4.68793807e-01
 1.09787165e-01
 4.72330555e-01
 4.75441056e-01
 4.79380000e-01
 4.52518193e-01
 4.76613921e-01
 4.37601901e-01
 4.30629491e-01
 4.21531562e-01
 4.52764274e-01
 4.64934834e-01
 4.52447274e-01
 4.21201960e-01
 6.92692639e-02
 4.30386043e-01
 4.00832021e-01
 3.85690925e-01
 4.09669807e-01
 4.22945416e-01
 4.17920890e-01
 4.32514073e-01
 7.64569864e-02
 4.22949937e-01
 4.44936114e-01
 4.40899275e-01
 4.31332896e-01
 4.03817620e-01
 1.00340181e-01
 4.07853143e-01
 4.21719955e-01
 4.29943670e-01
 4.11945399e-01
 4.33206440e-01
 4.50616782e-01
 4.10525670e-01
 4.85105139e-01
 4.44578931e-01
 4.72439595e-01
 4.84859256e-01
 4.04056089e-01
 3.98741142e-01
 4.02913411e-01
 4.02270421e-01
 4.08784783e-01
 4.73693051e-01
 1.14275641e-01
 4.37269996e-01
 4.33410911e-01
 4.28909833e-01
 4.39431560e-01
 4.46136658e-01
 4.79024629e-01
 9.74228375e-02
 3.92998670e-01
 4.20486230e-01
 4.49713334e-01
 4.78193824e-01
 4.32410355e-01
 5.16748130e-01
 1.29971954e-01
 4.71341049e-01
 1.13652064e-01
 1.12380978e-01
 4.40892990e-01
 9.01323637e-02
 4.48320827e-01
 4.55195342e-01
 4.39317375e-01
 1.07604274e-01
 4.58894695e-01
 4.45413966e-01
 4.16763979e-01
 4.32439348e-01
 1.03336722e-01
 4.45704277e-01
 4.51167262e-01
 4.42948037e-01
 4.36927851e-01
 4.74946419e-01
 4.68384116e-01
 4.80385143e-01
 1.16569746e-01
 4.62071678e-01
 4.79222158e-01
 4.76345848e-01
 4.96704646e-01
 4.84026634e-01
 4.93543330e-01
 4.73771668e-01
 4.64950129e-01
 4.51948632e-01
 4.70950891e-01
 4.53885686e-01
 4.63968468e-01
 4.59780802e-01
 4.47365523e-01
 4.41794865e-01
 4.29276941e-01
 7.05632808e-02
 4.37103075e-01
 4.42589763e-01
 4.24861624e-01
 4.51577458e-01
 1.00350522e-01
 4.27484600e-01
 4.24944955e-01
 4.27117596e-01
 4.33725325e-01
 4.29990507e-01
 1.58750578e-03
 4.09922898e-01
 4.49598043e-01
 1.02730085e-01
 4.27637095e-01
 4.51404580e-01
 4.41400255e-01
 4.35743939e-01
 4.28169278e-01
 4.43700421e-01
 4.21328837e-01
 4.45165159e-01
 4.39406166e-01
 4.48974154e-01
 4.54647212e-01
 4.42500343e-01
 4.55319205e-01
 4.60570285e-01
 4.42835255e-01
 4.68811154e-01
 4.57530244e-01
 3.74134570e-04
 4.58343519e-01
 4.43617965e-01
 4.53912441e-01
 4.60809112e-01
 4.43196584e-01
 4.19317040e-01
 4.33977393e-01
 4.46082553e-01
 4.29237914e-01
 4.44538494e-01
 4.34645801e-01
 4.33133852e-01
 4.12489240e-01
 3.99227907e-01
 4.10543985e-01
 4.32635163e-01
 4.18471488e-01
 4.02693500e-01
 4.08050802e-01
 4.00869401e-01
 3.91573678e-01
 3.83310603e-01
 3.95401444e-01
 3.89490108e-01
 9.03204752e-02
 3.63899671e-01
 3.76219270e-01
 3.64455776e-01
 3.45421547e-01
 3.70182337e-01
 3.77601484e-01
 3.52688078e-01
 3.61771438e-01
 3.51844622e-01
 3.67532394e-01
 3.55720258e-01
 7.37954302e-02
 7.10237090e-03
 3.52704013e-01
 3.68470924e-01
 3.60380843e-01
 3.74637310e-01
 3.88797383e-01
 3.62963469e-01
 8.21168380e-02
 3.66615175e-01
 3.74664357e-01
 3.80927510e-01
 3.84301370e-01
 3.90018619e-01
 3.72211005e-01
 3.82244562e-01
 3.86717131e-01
 3.98623756e-01
 4.03848211e-01
 3.86395199e-01
 3.91341517e-01
 3.92901058e-01
 3.88176050e-01
 3.82823251e-01
 3.87932286e-01
 4.03782619e-01
 4.22118007e-01
 4.22476454e-01
 4.28736140e-01
 4.20574695e-01
 1.03288729e-01
 4.45167063e-01
 4.31502862e-01
 4.36026831e-01
 4.38153630e-01
 4.45253057e-01
 4.37517444e-01
 4.42763110e-01
 4.26880506e-01
 4.51229979e-01
 1.04504248e-01
 4.37131720e-01
 4.42177914e-01
 4.50241064e-01
 4.43365355e-01
 4.21393158e-01
 4.34013604e-01
 4.39285582e-01
 4.43429393e-01
 4.72221153e-01
 1.13271937e-01
 4.49038190e-01
 4.57324819e-01
 4.38040359e-01
 4.51505736e-01
 4.49429808e-01
 4.54931301e-01
 4.72319290e-01
 4.53941827e-01
 4.59491310e-01
 4.75081097e-01
 4.57258354e-01
 4.75341327e-01
 4.62059570e-01
 4.61441858e-01
 4.62835920e-01
 4.68431545e-01
 4.77200952e-01
 1.11682456e-01
 4.72186562e-01
 1.14811814e-01
 4.60935446e-01
 5.07787747e-01
 4.94762951e-01
 4.56801536e-01
 4.84877688e-01
 4.64381331e-01
 4.72917431e-01
 4.45515810e-01
 4.58951644e-01
 4.54243603e-01
 4.46012003e-01
 4.44990985e-01
 4.29964112e-01
 2.85075812e-04
 4.46891184e-01
 4.52940911e-01
 4.53969158e-01
 4.55132464e-01
 4.30658605e-01
 1.00713492e-01
 4.29755067e-01
 4.23719909e-01
 4.26526222e-01
 4.68656448e-01
 4.96225087e-01
 4.26130675e-01
 4.05981015e-01
 4.19792938e-01
 4.41456124e-01
 4.25921276e-01
 4.49690294e-01
 1.09928590e-01
 4.44982619e-01
 4.17539614e-01
 4.28101886e-01
 4.34690010e-01
 4.28765546e-01
 4.45460796e-01
 4.17940423e-01
 4.60885690e-01
 1.03024091e-01
 1.12375254e-01
 4.66957899e-01
 4.26415671e-01
 4.36864145e-01
 4.68765213e-01
 8.92672497e-02
 4.63502896e-01
 4.62627361e-01
 4.67505692e-01
 4.90175054e-01
 4.83157262e-01
 4.88851784e-01
 5.12943941e-01
 4.98591632e-01
 5.26887721e-01
 5.01804775e-01
 5.16519643e-01
 5.11153146e-01
 5.38917130e-01
 5.21289461e-01
 8.96538845e-02
 5.14513447e-01
 5.19108785e-01
 5.28128742e-01
 5.08433117e-01
 4.96718412e-01
 4.87842101e-01
 4.75809059e-01
 4.88361355e-01
 5.02951027e-01
 4.78887692e-01
 4.68381604e-01
 4.79139479e-01
 4.95885744e-01
 5.00826822e-01
 4.72185764e-01
 9.34881333e-02
 4.78779979e-01
 4.96338340e-01
 5.11126127e-01
 4.41853455e-01
 4.57394391e-01
 4.49668549e-01
 4.53840428e-01
 4.61387806e-01
 4.82390195e-01
 4.72205311e-01
 4.89388878e-01
 4.81950930e-01
 5.06532100e-01
 4.95879810e-01
 5.22158015e-01
 4.77450950e-01
 5.16921331e-01
 4.67999291e-01
 4.94624166e-01
 5.26265048e-01
 5.22024847e-01
 5.06709499e-01
 4.98521375e-01
 5.38646202e-01
 5.22518107e-01
 5.07374743e-01
 5.25896874e-01
 5.14260964e-01
 5.01759576e-01
 5.06185424e-01
 4.90727093e-01
 1.20216767e-01
 4.98690762e-01
 4.76902018e-01
 4.73000211e-01
 4.41650197e-01
 4.36385697e-01
 4.60353534e-01
 4.76638116e-01
 4.68325430e-01
 4.44284311e-01
 4.67566494e-01
 4.46760220e-01
 4.70998892e-01
 1.05556373e-01
 4.74316588e-01
 4.34882713e-01
 3.82251257e-02
 4.72167446e-01
 4.97298760e-01
 4.40245443e-01
 8.29100156e-02
 4.56167311e-01
 1.12077148e-01
 4.79852165e-01
 4.68986138e-01
 4.62113498e-01
 4.68492837e-01
 4.56265337e-01
 4.41000006e-01
 4.88426654e-01
 4.54175709e-01
 4.69123682e-01
 4.58827197e-01
 4.62871138e-01
 4.37284510e-01
 4.10487526e-01
 4.52234310e-01
 4.58622186e-01
 4.68572996e-01
 4.62719418e-01
 4.64929241e-01
 4.78597792e-01
 4.54525345e-01
 4.71655935e-01
 1.13502465e-01
 4.72855429e-01
 4.75357364e-01
 4.78859514e-01
 4.57904155e-01
 4.70519037e-01
 4.36990201e-01
 4.94378291e-01
 4.48939840e-01
 1.08809368e-01
 4.44937994e-01
 4.48955478e-01
 4.29413387e-01
 4.46807872e-01
 5.36419625e-01
 4.40063574e-01
 9.32885042e-02
 5.06427808e-01
 4.54498363e-01
 1.13414059e-01
 4.23581224e-01
 4.37548818e-01
 4.19207142e-01
 4.29352797e-01
 4.58706617e-01
 4.81870837e-01
 4.99419338e-01
 4.33596160e-01
 4.50944010e-01
 4.29653173e-01
 4.60725248e-01
 1.07096586e-01
 4.82788934e-01
 4.61494067e-01
 4.94458755e-01
 4.84259986e-01
 5.04419544e-01
 4.67242623e-01
 4.82142002e-01
 2.68457907e-04
 4.84100924e-01
 5.07948159e-01
 4.90330010e-01
 4.79107497e-01
 4.74407472e-01
 4.79693341e-01
 4.75895162e-01
 4.80943000e-01
 4.74647938e-01
 4.86819185e-01
 4.59921697e-01
 4.39132542e-01
 4.89780102e-01
 1.18671342e-01
 4.77217324e-01
 4.65257971e-01
 4.49085292e-01
 4.33829982e-01
 4.59073795e-01
 4.77545231e-01
 4.43644300e-01
 1.03239846e-01
 4.38929817e-01
 4.61644277e-01
 3.62648698e-02
 4.45403992e-01
 4.67649258e-01
 4.29835080e-01
 4.59443989e-01
 4.53450165e-01
 4.83229388e-01
 4.49364478e-01
 4.31849489e-01
 4.07285151e-01
 4.34399909e-01
 4.06764713e-01
 4.17219314e-01
 4.33353710e-01
 1.05149190e-01
 4.42133003e-01
 4.34053128e-01
 4.36919844e-01
 4.24601237e-01
 4.49127762e-01
 4.08864202e-01
 4.35084976e-01
 2.94623308e-02
 4.37743056e-01
 4.30480584e-01
 4.26064661e-01
 4.13338450e-01
 4.31968280e-01
 4.16865462e-01
 4.37036154e-01
 4.19859381e-01
 4.10064190e-01
 3.77750710e-01
 3.99511134e-01
 4.13285099e-01
 4.21394153e-01
 4.15557636e-01
 3.96896848e-01
 4.17896866e-01
 4.03767499e-01
 4.16913593e-01
 3.94979820e-01
 3.86970851e-01
 3.69365001e-01
 4.03206184e-01
 3.77105221e-01
 3.92052670e-01
 3.68070564e-01
 3.75378625e-01
 3.81067838e-01
 3.74763518e-01
 3.56136619e-01
 3.61146580e-01
 3.77663635e-01
 3.83364949e-01
 3.56313676e-01
 3.80326155e-01
 3.67586162e-01
 9.08507241e-02
 3.71190231e-01
 3.92753437e-01
 3.76749234e-01
 3.64805312e-01
 3.94420840e-01
 3.76238474e-01
 3.73519837e-01
 3.94338016e-01
 4.10396409e-01
 4.00982657e-01
 4.04330505e-01
 3.99941491e-01
 4.11787090e-01
 3.83622986e-01
 3.79889731e-01
 3.77900558e-01
 3.79839913e-01
 3.77696926e-01
 3.57906024e-01
 3.43438445e-01
 3.57093244e-01
 3.66847941e-01
 3.52922595e-01
 7.03310957e-02
 3.35037026e-01
 7.88167284e-02
 3.26114263e-01
 3.15977428e-01
 3.25015828e-01
 3.35106792e-01
 3.57249146e-01
 3.25454146e-01
 7.59702476e-02
 3.13133676e-01
 3.28038887e-01
 3.23319055e-01
 3.34765068e-01
 3.14487087e-01
 3.24201340e-01
 3.04682548e-01
 3.11136237e-01
 3.18356165e-01
 6.60440650e-02
 3.06814276e-01
 2.91343908e-01
 2.96763768e-01
 2.99649567e-01
 3.00794794e-01
 3.00761519e-01
 2.89857775e-01
 2.94465191e-01
 1.59413369e-01
 1.16257131e-01
 1.23750747e-01
 9.54922629e-02
 8.75167123e-02
 8.46723151e-02
 1.97344799e-02
 8.59773836e-02
 9.27886519e-02
 9.06087049e-02
 8.49713946e-02
 8.69898887e-02
 9.17000644e-02
 8.47851845e-02
 8.88053756e-02
 8.84980635e-02
 8.71107288e-02
 8.46756503e-02
 8.90545364e-02
 8.80494008e-02
 7.93125007e-02
 8.11240977e-02
 8.68531120e-02
 8.53522650e-02
 8.49224528e-02
 8.85342566e-02
 8.42254103e-02
 8.77907376e-02
 8.54977228e-02
 7.99891473e-02
 8.74341469e-02
 8.37250641e-02
 9.34589099e-02
 8.22825172e-02
 8.50888113e-02
 7.49372525e-02
 7.70604043e-02
 1.85417815e-02
 7.25432132e-02
 7.35751721e-02
 7.66327462e-02
 1.86576286e-02
 8.48898597e-02
 7.56225667e-02
 7.81786661e-02
 1.88346528e-02
 6.53092823e-02
 7.03738242e-02
 6.80962547e-02
 6.97027705e-02
 7.13203400e-02
 6.96602055e-02
 6.50281782e-02
 5.87583268e-02
 6.48287055e-02
 5.61836689e-02
 6.45063906e-02
 6.72519691e-02
 6.08226530e-02
 6.45901790e-02
 7.55349199e-02
 6.06957315e-02
 6.42618385e-02
 6.81523947e-02
 6.91344804e-02
 6.74605272e-02
 6.59939091e-02
 6.79849887e-02
 6.53560988e-02
 6.42055154e-02
 6.29232301e-02
 6.51815672e-02
 6.16739681e-02
 6.52824116e-02
 6.44008377e-02
 6.73305724e-02
 6.43408693e-02
 6.02327137e-02
 6.17581873e-02
 6.29950040e-02
 6.14477807e-02
 5.98558802e-02
 6.10032588e-02
 6.60712639e-02
 5.75495296e-02
 6.09689636e-02
 6.45826974e-02
 1.06942415e-02
 6.00184922e-02
 5.84164223e-02
 6.21297371e-02
 6.82477932e-02
 6.42562116e-02
 5.99226664e-02
 7.36690715e-02
 6.20267324e-02
 5.96712854e-02
 5.81943786e-02
 5.79646520e-02
 6.15711009e-02
 5.75735112e-02
 6.03440287e-02
 6.34155864e-02
 5.96340860e-02
 6.55203066e-02
 6.20585479e-02
 6.33622532e-02
 5.73057820e-02
 1.29760395e-02
 5.28619465e-02
 1.26491628e-02
 4.87472998e-02
 4.67635663e-02
 4.04720007e-02
 3.96540053e-02
 3.91172297e-02
 4.45570333e-02
 3.36158150e-05
 4.58290722e-02
 4.05404245e-02
 3.72276364e-02
 4.16263776e-02
 4.00575350e-02
 4.14469490e-02
 3.82498684e-02
 5.88481526e-03
 3.98792004e-02
 4.11725976e-02
 3.79774860e-02
 3.70483866e-02
 4.33180051e-02
 4.87813191e-02
 4.03604913e-02
 9.68954577e-03
 3.97283205e-02
 3.99016656e-02
 3.79428655e-02
 3.76941083e-02
 3.60047165e-02
 3.92085670e-02
 4.05327351e-02
 4.30386460e-02
 4.15847646e-02
 4.19714886e-02
 4.03914998e-02
 4.31072899e-02
 3.91360589e-02
 3.77415908e-02
 3.73751767e-02
 4.05750130e-02
 4.37733845e-02
 3.73568483e-02
 4.02663607e-02
 3.54533233e-02
 3.19050357e-02
 3.25999223e-02
 3.53442324e-02
 3.79481744e-02
 3.71360510e-02
 3.07555534e-02
 3.40750969e-02
 3.27500798e-02
 2.94572952e-02
 2.90298486e-02
 3.14554348e-02
 2.93842997e-02
 3.12652626e-02
 2.81070654e-02
 2.95006021e-02
 3.04624403e-02
 2.83333420e-02
 2.64039621e-02
 2.80162382e-02
 2.61826035e-02
 3.39463368e-02
 2.33429639e-02
 2.76055243e-02
 2.65696009e-02
 2.38068226e-02
 2.64209998e-02
 2.92564270e-02
 2.76629284e-02
 2.26866797e-02
 2.58340681e-02
 5.90279965e-03
 2.18747166e-02
 2.46960696e-02
 2.80661119e-02
 4.89919541e-02
 8.05024119e-03
 4.38622074e-02
 4.09252570e-02
 4.15059970e-02
 5.85495556e-02
 8.28956271e-02
 1.53594217e-02
 8.28559406e-02
 8.42167557e-02
 8.30875085e-02
 8.60585259e-02
 7.29953229e-02
 1.80782471e-02
 6.88743650e-02
 7.64972935e-02
 6.97550903e-02
 7.60203607e-02
 1.59582474e-02
 7.05404190e-02
 6.54771434e-02
 6.89230577e-02
 7.24029910e-02
 6.67639319e-02
 7.33667666e-02
 7.93419336e-02
 7.16318523e-02
 6.16950040e-02
 1.32667940e-02
 6.09602784e-02
 6.23277012e-02
 2.69267940e-04
 6.68025855e-02
 6.54253616e-02
 5.75244633e-02
 6.12475407e-02
 6.24320980e-02
 6.65104867e-02
 6.23637225e-02
 5.73599860e-02
 5.04164864e-02
 5.83309175e-02
 5.50685236e-02
 6.62434300e-03
 5.79099241e-02
 4.68680372e-02
 4.82316229e-02
 5.52247523e-02
 5.32577406e-02
 5.69668726e-02
 5.09657146e-02
 5.47763683e-02
 1.33403019e-02
 4.80078068e-02
 4.94767808e-02
 4.85214729e-02
 4.98944838e-02
 4.90881491e-02
 5.36293108e-02
 4.88038230e-02
 5.23616785e-02
 8.09024057e-03
 5.07299325e-02
 5.12642288e-02
 5.07301268e-02
 5.55732232e-02
 5.00278840e-02
 5.68114591e-02
 3.70031700e-05
 4.81603621e-02
 5.64107214e-02
 1.35172989e-02
 5.03332677e-02
 5.86369155e-02
 5.27420337e-02
 5.07292851e-02
 5.25620197e-02
 1.29225458e-02
 5.54543759e-02
 5.92413316e-02
 6.07900157e-02
 5.49391437e-02
 5.33917915e-02
 5.07522218e-02
 1.20257170e-02
 4.77438300e-02
 5.04898723e-02
 4.97537538e-02
 5.27812257e-02
 5.36556295e-02
 5.29753765e-02
 5.39124499e-02
 5.21158425e-02
 5.71470551e-02
 5.31901902e-02
 5.02217320e-02
 5.04740099e-02
 5.33327008e-02
 5.40602598e-02
 5.66182136e-02
 5.56815122e-02
 6.20677530e-02
 4.96554895e-02
 5.31870483e-02
 5.40916450e-02
 5.12192344e-02
 5.07831512e-02
 4.70998058e-02
 5.03796005e-02
 4.51845875e-02
 4.22168455e-02
 4.29731091e-02
 4.57247205e-02
 4.17983901e-02
 4.21268428e-03
 4.22138724e-02
 4.28503873e-02
 4.48512352e-02
 4.03861174e-02
 4.19942319e-02
 4.14943388e-02
 4.25841653e-02
 4.62251233e-02
 4.31839668e-02
 4.40087172e-02
 4.01281441e-02
 3.88387027e-02
 3.83306797e-02
 3.48655199e-02
 3.33863566e-02
 4.03322571e-02
 3.53930134e-02
 3.35909183e-02
 3.17685544e-02
 3.38250205e-02
 7.91320323e-03
 3.61236347e-02
 3.07411867e-02
 7.41767612e-03
 3.29393531e-02
 6.82254514e-03
 3.41202597e-02
 2.95045417e-02
 3.29024562e-02
 3.25031951e-02
 3.63372337e-02
 3.19310813e-02
 2.79632701e-02
 2.62138925e-02
 3.33375427e-02
 2.74733657e-02
 2.86708713e-02
 2.44820728e-02
 3.23829519e-02
 2.82522816e-02
 2.55820338e-02
 4.91137101e-03
 2.54882053e-02
 2.46275639e-02
 2.16149093e-02
 2.24155695e-02
 2.56152807e-02
 2.44823386e-02
 5.86247176e-03
 2.43548328e-02
 2.21723147e-02
 2.08432270e-02
 2.14333610e-02
 2.26040175e-02
 2.24881270e-02
 2.07191969e-02
 4.55249396e-03
 2.11116818e-02
 2.05231427e-02
 2.13888642e-02
 2.25185676e-02
 1.92962165e-02
 2.14894740e-02
 2.35354758e-02
 2.45941047e-02
 2.35955654e-02
 2.25204728e-02
 2.27651068e-02
 2.34307120e-02
 2.46718893e-02
 2.33983664e-02
 2.44864784e-02
 2.54510560e-02
 2.43759890e-02
 2.53687945e-02
 2.49125299e-02
 2.51375197e-02
 2.43233052e-02
 2.47147817e-02
 5.91287401e-03
 2.58670729e-02
 2.44546377e-02
 2.37684618e-02
 2.46616686e-02
 4.07288456e-03
 2.57887093e-02
 6.23566152e-03
 2.48000103e-02
 2.51741658e-02
 2.49140168e-02
 2.41977784e-02
 2.40217639e-02
 2.41959991e-02
 2.19816040e-02
 2.60711248e-02
 6.10869076e-03
 2.48986695e-02
 2.26485102e-02
 2.61754850e-02
 2.51949743e-02
 6.04301471e-03
 2.42519722e-02
 2.54461837e-02
 2.66591861e-02
 2.49898652e-02
 2.46530864e-02
 2.40690429e-02
 2.45109879e-02
 2.49523525e-02
 2.34067747e-02
 2.45791103e-02
 2.66261824e-02
 6.29109828e-03
 2.48066638e-02
 2.38785820e-02
 2.50601421e-02
 2.37100057e-02
 2.43160029e-02
 5.43697071e-03
 2.54745340e-02
 2.71411326e-02
 2.50883002e-02
 2.58925437e-02
 2.57639164e-02
 2.57829679e-02
 2.87638292e-02
 2.66026000e-02
 2.61976970e-02
 2.62609731e-02
 2.66786008e-02
 2.73955441e-02
 2.51332678e-02
 2.33321673e-02
 2.48239048e-02
 5.88658429e-03
 2.34267631e-02
 2.39805836e-02
 2.35169481e-02
 2.48711246e-02
 2.54316199e-02
 2.45090439e-02
 2.39665348e-02
 2.65705809e-02
 2.70885637e-02
 2.38054827e-02
 2.48609901e-02
 2.21557512e-02
 2.40835080e-02
 2.20421569e-02
 2.33355187e-02
 2.27929765e-02
 2.23073176e-02
 2.24166122e-02
 2.19826095e-02
 2.12953253e-02
 2.03118881e-02
 1.97270375e-02
 2.07726275e-02
 2.12202954e-02
 1.88178470e-02
 4.52727078e-03
 1.94345045e-02
 1.77061410e-02
 1.73013905e-02
 1.77144344e-02
 1.64909234e-02
 1.56264236e-02
 1.44376988e-02
 1.38226495e-02
 1.45355647e-02
 1.34113792e-02
 1.41598036e-02
 1.46970375e-02
 1.52296421e-02
 1.35878099e-02
 1.41706787e-02
 1.32963182e-02
 1.23961641e-02
 1.34387198e-02
 1.22319328e-02
 2.75490575e-03
 1.14169723e-02
 1.13148874e-02
 1.06940895e-02
 1.03469196e-02
 9.36870094e-03
 1.04543825e-02
 1.07697208e-02
 1.06762588e-02
 9.65620519e-03
 9.39565861e-03
 9.50806531e-03
 1.05317901e-02
 9.13638486e-03
 8.78145795e-03
 2.12159646e-03
 9.73640727e-03
 9.04029980e-03
 7.52577032e-03
 1.59509549e-03
 6.87218076e-03
 6.54773341e-03
 6.70393003e-03
 6.53388659e-03
 6.87049761e-03
 7.09136054e-03
 1.65613126e-03
 7.16179467e-03
 6.83112282e-03
 5.70146708e-03
 5.07669238e-03
 5.20776462e-03
 5.74549024e-03
 5.11726234e-03
 4.61913017e-03
 5.11952154e-03
 4.91698654e-03
 5.16663669e-03
 1.24746317e-03
 6.02901324e-03
 5.45371847e-03
 5.28299784e-03
 5.02847252e-03
 5.44859202e-03
 4.70067917e-03
 6.13346188e-03
 1.47529330e-03
 6.76253565e-03
 6.54443545e-03
 6.16090779e-03
 6.88679957e-03
 7.31114329e-03
 6.35782980e-03
 6.70204718e-03
 6.01042900e-03
 7.36547264e-03
 8.65871571e-03
 1.01405412e-02
 1.13189987e-02
 1.02244600e-02
 1.22390778e-02
 1.28736940e-02
 1.32419415e-02
 1.36027572e-02
 1.31686808e-02
 1.31258554e-02
 1.34815054e-02
 1.23810584e-02
 1.30789872e-02
 1.34481759e-02
 1.42642252e-02
 1.71065860e-02
 2.08422749e-02
 2.34611811e-02
 2.51389266e-02
 3.03130707e-02
 3.21683100e-02
 3.79817161e-02
 4.06858174e-02
 4.47742019e-02
 4.59549705e-02
 4.80008036e-02
 5.45309508e-02
 5.73663950e-02
 6.01289622e-02
 6.28426450e-02
 6.46594754e-02
 6.63499428e-02
 6.99615257e-02
 7.36089922e-02
 7.96654281e-02
 1.10500697e-02
 7.58357684e-02
 8.13850250e-02
 7.91361007e-02
 8.42880031e-02
 8.15539368e-02
 8.26369546e-02
 9.27410500e-02
 9.61494005e-02
 1.05209474e-01
 1.07543120e-01
 1.11044448e-01
 1.14594779e-01
 1.17718416e-01
 1.12732521e-01
 1.09236499e-01
 1.10100778e-01
 1.10584249e-01
 1.13536090e-01
 1.19572934e-01
 1.15226279e-01
 1.14546038e-01
 1.09380414e-01
 2.55504897e-02
 1.06288036e-01
 1.02538305e-01
 1.06530612e-01
 1.10429833e-01
 1.04287358e-01
 1.09638548e-01
 1.26727913e-01
 1.73809615e-02
 1.41255280e-01
 2.96289907e-02
 1.47110142e-01
 1.45237487e-01
 1.36874138e-01
 1.41916504e-01
 1.38415918e-01
 1.34872287e-01
 1.21468432e-01
 1.25593592e-01
 1.19375739e-01
 1.12314700e-01
 1.17345307e-01
 1.19269379e-01
 1.24711139e-01
 1.31773887e-01
 1.38832852e-01
 1.32493544e-01
 1.39319869e-01
 1.42333445e-01
 1.49484829e-01
 1.40709666e-01
 1.36884278e-01
 1.45463093e-01
 1.47973511e-01
 1.50967029e-01
 1.59168177e-01
 1.54881599e-01
 1.51532154e-01
 1.49557565e-01
 1.32102737e-01
 3.08372024e-02
 1.26641974e-01
 1.20634062e-01
 1.19655205e-01
 1.18780507e-01
 1.03983609e-01
 9.73605117e-02
 8.79048297e-02
 9.99012235e-02
 1.08772371e-01
 1.02892172e-01
 2.17344562e-02
 9.97670746e-02
 9.40326997e-02
 8.99528309e-02
 9.09022366e-02
 1.66776509e-01
 3.20723916e-01
 7.27914509e-02
 3.43738886e-01
 4.09410924e-01
 6.79219300e-01
 1.56556690e-01
 6.48858963e-01
 6.70037696e-01
 1.43343649e-01
 6.88837745e-01
 1.15411921e+00
 2.18806658e+00
 3.17009535e-01
 2.17819654e+00
 2.13544083e+00
 2.16837793e+00
 2.60219375e+00
 3.45971502e+00
 7.14039485e-01
 3.49902573e+00
 8.16718546e-01
 3.46184774e+00
 3.49136881e+00
 3.50528221e+00
 3.46849307e+00
 3.54592783e+00
 8.48910026e-01
 3.58030332e+00
 3.53710775e+00
 3.58497667e+00
 3.62948316e+00
 3.59016981e+00
 3.64171490e+00
 3.60879261e+00
 3.68875474e+00
 3.82774579e+00
 3.89162647e+00
 3.91012971e+00
 3.81026537e+00
 3.76674144e+00
 3.79160663e+00
 3.73065780e+00
 3.68122763e+00
 3.70480415e+00
 3.73753701e+00
 1.12611416e-03
 3.72619360e+00
 3.61662906e+00
 8.71699486e-01
 3.69155087e+00
 3.76420483e+00
 3.82306756e+00
 3.77297139e+00
 3.76298676e+00
 3.73756382e+00
 3.67322559e+00
 3.70586707e+00
 3.75670299e+00
 3.81628773e+00
 3.87334389e+00
 3.81456805e+00
 3.76094787e+00
 9.13030216e-01
 3.81155164e+00
 3.73976908e+00
 3.77721465e+00
 3.85656132e+00
 3.84359581e+00
 3.86228364e+00
 3.77889208e+00
 3.85518264e+00
 3.83862726e+00
 3.85426886e+00
 3.94176816e+00
 3.86292946e+00
 9.50516444e-01
 3.79841487e+00
 3.67017202e-01
 3.77438605e+00
 3.74690304e+00
 3.88442340e+00
 9.45281860e-01
 3.73550281e+00
 3.70905395e+00
 3.59364316e+00
 3.54252871e+00
 3.61032479e+00
 3.67645985e+00
 8.69164815e-01
 3.61146824e+00
 3.57563092e+00
 3.63765369e+00
 3.68106287e+00
 3.56150464e+00
 3.60481326e+00
 3.69613798e+00
 3.75659571e+00
 3.67619786e+00
 9.02861940e-01
 3.63492695e+00
 3.54162529e+00
 6.01228254e-01
 3.53985217e+00
 3.49985586e+00
 3.45982437e+00
 3.36316725e+00
 3.43652070e+00
 3.30577615e+00
 3.37161022e+00
 3.23386685e+00
 3.39319459e+00
 3.37157225e+00
 3.33594840e+00
 3.41687244e+00
 3.33342756e+00
 3.23000909e+00
 3.26899181e+00
 3.23550242e+00
 3.27127329e+00
 5.75987583e-01
 3.37692273e+00
 3.48212781e+00
 3.39731792e+00
 3.46750548e+00
 3.37556109e+00
 3.35102817e+00
 3.23770901e+00
 7.93100716e-01
 3.23216327e+00
 3.25850474e+00
 3.24626637e+00
 3.11968949e+00
 3.03174573e+00
 4.18230698e-01
 2.96908959e+00
 2.96989756e+00
 2.91069972e+00
 2.89103727e+00
 2.80701844e+00
 6.87323062e-01
 2.73488876e+00
 2.82356881e+00
 2.89253219e+00
 3.04994814e+00
 3.02593865e+00
 3.06776922e+00
 3.11016369e+00
 3.26342463e+00
 7.95983009e-01
 3.21645915e+00
 3.22624275e+00
 3.02037826e+00
 2.86943889e+00
 6.11863373e-01
 2.85250355e+00
 2.88819258e+00
 2.92947447e+00
 5.45044369e-01
 3.01948954e+00
 7.47502810e-01
 3.08756708e+00
 3.04702246e+00
 3.05676047e+00
 3.14120190e+00
 3.32630620e+00
 5.68868608e-01
 3.22187108e+00
 3.12279586e+00
 3.18054452e+00
 3.01580928e+00
 3.08543624e+00
 3.16056672e+00
 3.24103944e+00
 3.28607145e+00
 3.43372791e+00
 3.53327909e+00
 3.61851380e+00
 3.80983697e+00
 3.89327066e+00
 3.86602189e+00
 3.74638875e+00
 9.18113924e-01
 3.83422238e+00
 4.02777851e+00
 4.16469874e+00
 1.02734878e+00
 4.37261359e+00
 4.51994961e+00
 4.41965851e+00
 3.66815812e-01
 4.31276374e+00
 4.30425587e+00
 4.34251716e+00
 4.39937909e+00
 4.43131803e+00
 4.39364579e+00
 4.29826011e+00
 7.18928668e-01
 4.31649806e+00
 4.26218855e+00
 4.32914318e+00
 4.20946671e+00
 1.04402922e+00
 4.16881076e+00
 4.10791014e+00
 4.07317641e+00
 3.96162468e+00
 3.90207406e+00
 3.80497241e+00
 3.77114485e+00
 3.78637602e+00
 3.68157728e+00
 3.52259168e+00
 3.60528588e+00
 3.65717281e+00
 3.50998529e+00
 3.43903701e+00
 3.24080071e+00
 5.73534172e-01
 3.08271780e+00
 2.98036377e+00
 4.28316226e-01
 2.83800762e+00
 2.91787794e+00
 2.93366498e+00
 2.88209147e+00
 2.91062555e+00
 2.95255108e+00
 3.00706349e+00
 3.08386533e+00
 3.20628856e+00
 3.27332637e+00
 3.29883116e+00
 3.34853288e+00
 3.38379894e+00
 3.34935502e+00
 3.36490724e+00
 3.38422269e+00
 3.44593589e+00
 3.52400251e+00
 3.47605333e+00
 3.42329843e+00
 3.33854287e+00
 3.24287037e+00
 3.14500658e+00
 2.96980695e+00
 3.04572440e+00
 6.79925033e-01
 3.15517315e+00
 7.61778575e-01
 3.06936440e+00
 3.05693436e+00
 2.95929553e+00
 3.00861997e+00
 3.04270704e+00
 3.05126581e+00
 2.88447875e-03
 3.02136116e+00
 3.01778846e+00
 3.09913859e+00
 3.08099619e+00
 6.74326944e-01
 3.13851953e+00
 3.07070022e+00
 3.10375044e+00
 3.00955524e+00
 2.40035096e-01
 2.96826158e+00
 2.88800486e+00
 2.88226860e+00
 2.83299699e+00
 4.32172343e-01
 2.82600394e+00
 3.02198292e+00
 7.05580247e-01
 3.01830409e+00
 3.04942755e+00
 2.99945046e+00
 3.02466900e+00
 2.94755363e+00
 3.06400964e+00
 3.20802354e+00
 3.08547494e+00
 3.01335595e+00
 2.91996608e+00
 3.14618787e+00
 7.37185847e-01
 3.03627438e+00
 7.50485547e-01
 2.95567718e+00
 3.03594510e+00
 3.12458583e+00
 3.06516006e+00
 3.26899452e+00
 3.36704319e+00
 3.46512495e+00
 3.57430057e+00
 3.63847843e+00
 3.66937060e+00
 3.70455059e+00
 3.91669636e+00
 4.07596837e+00
 4.10278170e+00
 4.02921697e+00
 9.18627477e-01
 4.60483709e-03
 4.13810077e+00
 4.25500687e+00
 3.30057765e-01
 4.27705885e+00
 4.30268985e+00
 4.14712993e+00
 4.08141020e+00
 4.15115093e+00
 4.10925513e+00
 6.84710151e-01
 3.97657521e+00
 4.08987047e+00
 4.27184412e+00
 4.21777058e+00
 9.81457208e-01
 4.28232937e+00
 4.22990526e+00
 3.98123341e+00
 3.93197347e+00
 3.84553066e+00
 9.04267446e-01
 3.87623131e+00
 7.66956966e-01
 1.28719135e-02
 3.96217224e+00
 3.84682829e+00
 3.82989391e+00
 3.75764560e+00
 3.69300048e+00
 3.61699893e+00
 3.65609692e+00
 3.62029883e+00
 3.64029031e+00
 3.56223394e+00
 3.70235880e+00
 3.88874038e+00
 4.07491785e+00
 1.01237783e+00
 4.37763534e+00
 4.33609681e+00
 4.27242230e+00
 4.33776207e+00
 4.40837499e+00
 1.04502623e+00
 4.49726199e+00
 4.55844666e+00
 4.46056367e+00
 4.33327018e+00
 1.04227484e+00
 9.30162032e-01
 4.39828490e+00
 4.31044179e+00
 7.55388413e-01
 4.36882253e+00
 4.49569906e+00
 4.55885857e+00
 4.57645244e+00
 4.61134718e+00
 4.61601524e+00
 4.54728660e+00
 4.34064343e+00
 4.11668282e+00
 4.41879556e+00
 8.74643715e-01
 4.46021094e+00
 4.50719514e+00
 4.46091680e+00
 4.49036615e+00
 4.52204561e+00
 4.66617059e+00
 4.57232600e+00
 4.63001423e+00
 1.12327721e+00
 4.70990976e+00
 4.66855784e+00
 4.56792421e+00
 4.44363339e+00
 4.40605258e+00
 4.30209016e+00
 4.22522785e+00
 4.21811420e+00
 4.10575699e+00
 1.00727916e+00
 3.96652894e+00
 3.84644184e+00
 4.13511589e+00
 4.29494476e+00
 9.66888198e-01
 4.37136224e+00
 6.96546539e-01
 4.45780888e+00
 4.55916381e+00
 4.61366391e+00
 4.71515949e+00
 4.86284381e+00
 5.11403942e+00
 1.20831930e+00
 4.99886818e+00
 4.58768113e-01
 5.01323851e+00
 5.11539360e+00
 5.17952173e+00
 5.19581293e+00
 5.10984459e+00
 5.15924381e+00
 5.06019101e+00
 6.67870497e-01
 5.08197466e+00
 5.17206494e+00
 1.00032979e+00
 5.14892684e+00
 5.11944183e+00
 4.93548227e+00
 5.11261821e+00
 5.12552460e-01
 4.89318904e+00
 4.82474543e+00
 4.73320832e+00
 4.58992236e+00
 6.23167771e-01
 4.52349127e+00
 4.48066559e+00
 4.56017610e+00
 4.64392265e+00
 4.70466188e+00
 4.64518866e+00
 4.55725871e+00
 4.48486574e+00
 4.33072024e+00
 4.30914894e+00
 4.31362346e+00
 4.28503830e+00
 4.40611221e+00
 4.50244948e+00
 4.62572895e+00
 4.69644131e+00
 4.76849983e+00
 1.13059811e+00
 4.78273583e+00
 4.74940406e+00
 4.61297958e+00
 4.53325813e+00
 4.44894719e+00
 4.36521096e+00
 4.21694574e+00
 1.00133440e+00
 3.89897084e+00
 8.13350106e-01
 3.78262941e+00
 3.87755372e+00
 3.93994019e+00
 3.60096250e-01
 3.96619646e+00
 4.05508418e+00
 4.11616330e+00
 4.00863559e+00
 3.99813491e+00
 3.96035134e+00
 9.76664227e-01
 3.90446225e+00
 3.76243694e+00
 3.70412938e+00
 3.76089272e+00
 8.27601552e-01
 3.88108217e+00
 4.09504725e+00
 4.70532162e-01
 3.98812060e+00
 3.83619762e+00
 3.75155638e+00
 3.65040521e+00
 3.47708885e+00
 4.98943133e-01
 3.32837872e+00
 8.12798738e-01
 3.25326575e+00
 3.17853234e+00
 3.20976321e+00
 3.25945082e+00
 3.30124496e+00
 3.18339431e+00
 2.88374026e+00
 2.68109014e+00
 2.41555375e+00
 2.27629830e+00
 5.26323828e-01
 2.16338364e+00
 2.10036614e+00
 1.98869547e+00
 1.77948990e+00
 1.62336533e+00
 1.51102111e+00
 1.45961550e+00
 1.59802176e-01
 1.49361487e+00
 1.66672435e+00
 1.55131674e+00
 1.68677312e+00
 1.83428290e+00
 2.09217469e+00
 2.23185600e+00
 2.45962730e+00
 2.64594517e+00
 2.79248250e+00
 2.87410010e+00
 3.09469941e+00
 3.37730796e+00
 3.61920281e+00
 3.81081259e+00
 3.88519111e+00
 3.90771575e+00
 3.99018077e+00
 7.07525188e-01
 3.89142090e+00
 3.81712489e+00
 3.76277515e+00
 3.67097752e+00
 3.70466709e+00
 3.67871207e+00
 3.55908742e+00
 3.43870717e+00
 3.55126194e+00
 3.65448109e+00
 3.73293033e+00
 3.78263508e+00
 3.69960893e+00
 3.60850910e+00
 3.09196101e-01
 3.64168411e+00
 3.77424395e+00
 3.83496835e+00
 3.70229598e+00
 6.22178536e-01
 3.61637432e+00
 8.39225121e-01
 3.64292060e+00
 3.56817150e+00
 3.38941638e+00
 3.15799634e+00
 2.98680914e+00
 2.77598695e+00
 2.60922507e+00
 2.51272113e+00
 2.31468354e+00
 2.37334125e+00
 2.10235901e+00
 4.98964507e-01
 2.14171461e+00
 2.12855329e+00
 2.04821372e+00
 2.00324752e+00
 2.01819653e+00
 2.02731552e+00
 2.09296533e+00
 2.13012202e+00
 2.17107833e+00
 2.19561658e+00
 2.19634317e+00
 2.21261458e+00
 2.08323730e+00
 2.03509741e+00
 2.01504057e+00
 2.06636588e+00
 2.14448934e+00
 2.21062260e+00
 2.33149496e+00
 2.48328912e+00
 2.57604712e+00
 2.68326297e+00
 2.84709290e+00
 3.12626149e+00
 3.26677729e+00
 3.48065889e+00
 3.65425000e+00
 9.06430143e-01
 3.72362743e+00
 3.88947845e+00
 4.02440219e+00
 7.00155495e-01
 4.09356516e+00
 4.17525041e+00
 4.14004056e+00
 4.16088739e+00
 4.18922933e+00
 4.21066572e+00
 4.31038026e+00
 1.05871321e+00
 4.41074726e+00
 4.44615142e+00
 4.32500926e+00
 4.22185938e+00
 4.28193148e+00
 4.23727198e+00
 4.28224882e+00
 4.33404344e+00
 4.25094270e+00
 4.15607488e+00
