 Inf
 1.33037778e+01
 1.23910772e+01
 NaN
 1.83948719e+01
 1.29203077e+01
 1.24418828e+01
 NaN
 1.88539601e+01
 1.19845743e+01
 1.44669361e+01
 1.39604941e+01
 1.37368306e+01
 1.46314484e+01
 4.12842196e+00
 7.87201664e+00
 1.81897622e+01
 1.24790886e+01
 1.27397113e+01
 1.43258543e+01
 1.33926406e+01
 1.28896612e+01
 1.31686102e+02
 2.00265229e+01
 1.39959957e+01
 1.34878095e+01
 1.39773089e+01
 1.41303641e+01
 1.33949627e+01
 5.46193690e+00
 1.89539032e+01
 1.43031893e+01
 1.37565593e+01
 1.36853878e+01
 1.34176348e+01
 1.31908848e+01
 1.40871350e+01
 1.50215716e+01
 7.80912997e+00
 1.93278470e+01
 1.41648014e+01
 1.54486122e+01
 1.43484145e+01
 1.49865705e+01
 1.45652512e+01
 1.51338704e+01
 1.52843859e+01
 1.47433657e+01
 1.43330489e+01
 1.31371565e+01
 1.33039249e+01
 1.43371459e+01
 5.01940515e+00
 1.90152717e+01
 1.42139382e+01
 NaN
 2.06307403e+01
 1.49736320e+01
 1.31081767e+01
 1.20364030e+01
 1.46224704e+01
 3.17489725e+00
 1.97245348e+01
 5.42725798e+00
 1.95254577e+01
 1.36059043e+01
 1.46187688e+01
 1.40956533e+01
 1.41704116e+01
 1.41450643e+01
 7.91218054e+00
 1.97127202e+01
 1.43320633e+01
 1.34851741e+01
 1.44928281e+01
 1.19269177e+01
 1.43232975e+01
 1.38735191e+01
 1.35768137e+01
 1.54387791e+01
 1.42345064e+01
 1.35669486e+01
 1.46305366e+01
 8.11558907e+00
 2.01691544e+01
 1.39619886e+01
 1.44105734e+01
 1.48832405e+01
 1.41374977e+01
 1.17982810e+01
 1.32028931e+01
 1.46707765e+01
 1.47250968e+01
 1.51300009e+01
 1.50697238e+01
 1.37527956e+01
 1.56087055e+01
 1.47175391e+01
 1.40067006e+01
 1.49752093e+01
 1.46618704e+01
 1.45347715e+01
 1.43451365e+01
 6.50669969e+00
 2.00648866e+01
 1.36942910e+01
 1.39390449e+01
 1.51222758e+01
 1.40479700e+01
 7.44758863e+00
 1.99981682e+01
 6.47191420e+00
 2.00886959e+01
 1.51858190e+01
 1.54681528e+01
 1.50342078e+01
 1.56198158e+01
 8.44771956e+00
 1.95736640e+01
 1.39400534e+01
 1.49619840e+01
 1.47369141e+01
 1.49787885e+01
 1.31740656e+01
 1.41119652e+01
 1.30655612e+01
 1.46291764e+01
 1.30328768e+01
 1.96270913e+01
 1.45854822e+01
 1.37328555e+01
 1.33367374e+01
 1.31914535e+01
 1.46067529e+01
 1.41748882e+01
 1.33614437e+01
 1.42762148e+01
 1.31818343e+01
 1.46137218e+01
 7.99803165e+00
 1.84337384e+01
 1.31509266e+01
 1.27527733e+01
 1.14187957e+01
 1.36812784e+01
 1.29458987e+01
 1.39737057e+01
 1.38611536e+01
 1.27135396e+01
 5.15270712e+01
 1.81809931e+01
 1.35278922e+01
 8.98906376e+00
 1.74378036e+01
 1.12923106e+02
 1.83225484e+01
 4.69645645e+00
 1.72703137e+01
 1.15550033e+01
 1.76183820e+01
 1.31695204e+01
 1.29030876e+01
 1.30521294e+01
 9.45695587e+00
 1.62416798e+01
 1.15574989e+01
 1.01554026e+01
 1.03245512e+01
 1.22256865e+01
 6.66996471e+01
 1.61972975e+01
 1.07058808e+01
 1.14713046e+01
 1.10298567e+01
 1.12958509e+01
 NaN
 1.69461789e+01
 1.15408348e+01
 1.06821225e+01
 1.13583894e+01
 1.03256348e+01
 1.11863398e+01
 1.13847677e+01
 1.00554171e+01
 1.07850368e+01
 1.01815685e+01
 1.32337459e+02
 1.46936862e+01
 9.71424621e+00
 8.87525724e+00
 9.79419066e+00
 9.87786803e+00
 8.44861936e+00
 7.84180271e+00
 8.88349745e+00
 8.73829879e+00
 9.99546805e+00
 1.00278180e+01
 1.07677858e+01
 1.22058122e+01
 1.21221448e+01
 1.21587117e+01
 1.58040946e+01
 1.44658038e+01
 1.57215083e+01
 1.13202340e+01
 1.09105939e+01
 1.46904252e+02
 1.59009117e+01
 1.02834781e+01
 1.07776842e+01
 1.12011729e+01
 1.17557192e+01
 1.18824907e+01
 1.20193479e+01
 8.56917572e+00
 1.68555065e+01
 1.19063283e+01
 1.23749161e+01
 1.27721578e+01
 6.55451069e+00
 1.69726160e+01
 1.23028505e+01
 1.24927604e+01
 1.18894789e+01
 1.14025633e+01
 1.21822038e+01
 1.21517620e+01
 1.30610380e+01
 1.11188223e+01
 1.09122911e+01
 1.21232852e+01
 1.20661727e+01
 1.21843642e+01
 1.36552798e+01
 3.15704610e+00
 1.79040980e+01
 1.05596669e+01
 1.28951303e+01
 1.18772181e+01
 1.22861915e+01
 1.43802505e+01
 3.39269403e+01
 1.93028967e+01
 1.41784375e+01
 1.35326067e+01
 1.31369506e+01
 1.25657297e+01
 1.30068346e+01
 1.36449407e+01
 1.45540848e+01
 1.34517715e+01
 1.38352491e+01
 1.37971776e+01
 1.34750193e+01
 1.45357052e+01
 1.41423853e+01
 1.31334643e+01
 1.45392375e+01
 1.43094212e+01
 1.40398144e+01
 1.34128341e+01
 1.39286644e+01
 6.67141623e+00
 1.94931174e+01
 1.33811631e+01
 1.37602346e+01
 1.43702974e+01
 1.41665228e+01
 1.51587568e+01
 1.53500980e+01
 6.77712081e+00
 1.96651108e+01
 8.40147124e+00
 1.94100611e+01
 1.50981497e+02
 2.08375818e+01
 1.45238849e+01
 1.41850314e+01
 1.44392038e+01
 1.36849535e+01
 1.38274493e+01
 1.46640010e+01
 1.05214735e+01
 1.45131609e+01
 1.44596055e+01
 3.76865421e+00
 2.01632144e+01
 1.47520830e+01
 1.49725839e+01
 6.28208835e+00
 2.06441468e+01
 1.42152562e+01
 1.49097582e+01
 1.53019921e+01
 6.12402561e+00
 2.00758186e+01
 1.28772355e+01
 1.41357448e+01
 1.50011482e+01
 1.50931586e+01
 1.18406710e+01
 1.38484901e+01
 1.48597301e+01
 1.40968515e+01
 1.50515726e+01
 8.45662526e+00
 1.98288723e+01
 1.46464182e+01
 1.53831706e+01
 1.48430402e+01
 1.43687030e+01
 1.44600220e+01
 1.48354411e+01
 1.35962365e+01
 1.53421745e+01
 1.56671813e+01
 1.47542827e+01
 1.49505786e+01
 1.09085033e+01
 2.02508666e+01
 1.61805031e+01
 1.50163300e+01
 1.50824017e+01
 1.52749632e+01
 9.19551949e+00
 2.04387878e+01
 1.07824541e+01
 2.01392933e+01
 1.56735865e+01
 8.57105925e+00
 2.02631110e+01
 1.58004167e+01
 1.57360511e+01
 7.80712687e+00
 1.99338906e+01
 1.41002564e+01
 1.35265969e+01
 1.36337359e+01
 1.55677675e+01
 1.51768941e+01
 1.46701244e+01
 1.50548607e+01
 3.81561793e+00
 2.01561433e+01
 1.36028269e+01
 1.37063629e+01
 1.57278647e+01
 8.45007210e+00
 1.97393412e+01
 1.52334454e+01
 1.23773974e+01
 1.54968448e+01
 1.44964156e+01
 1.15912146e+01
 1.49594618e+01
 1.48523613e+01
 1.36591359e+01
 1.35214079e+01
 7.23655209e+00
 1.92467593e+01
 1.52613885e+01
 1.50616470e+01
 1.51113511e+01
 1.50398148e+01
 4.62819711e+00
 2.01328663e+01
 1.55046021e+01
 3.14499605e+00
 2.01782135e+01
 5.41072940e+00
 1.99275507e+01
 1.52963446e+01
 1.41413530e+01
 1.36680271e+01
 1.45460247e+01
 1.51822149e+01
 1.38579296e+01
 1.09587946e+01
 1.46587993e+01
 1.43381254e+01
 1.56732123e+01
 1.48616153e+01
 1.55842840e+01
 1.45629557e+01
 NaN
 2.88186625e+01
 1.48853745e+01
 8.80956467e+00
 5.52033869e+00
 2.02336359e+01
 1.49629756e+01
 1.49752574e+01
 1.61812409e+01
 1.57371771e+01
 1.31375439e+01
 9.66113459e+00
 2.04475103e+01
 1.56369391e+01
 1.58697710e+01
 NaN
 2.23201572e+01
 1.56240795e+01
 1.56704811e+01
 8.81972270e+00
 1.96834532e+01
 1.40861186e+01
 1.35307708e+01
 1.37350607e+01
 1.58215504e+01
 1.50500661e+01
 1.34118982e+01
 1.31580754e+01
 1.50894342e+01
 1.50878040e+01
 1.55372031e+01
 1.44387235e+01
 1.44722106e+01
 1.41532333e+01
 1.45991831e+01
 1.50525398e+01
 1.55301332e+01
 1.43490077e+01
 7.94584687e+00
 4.61306190e+00
 2.00932560e+01
 1.46688978e+01
 1.42194314e+01
 1.59608813e+01
 1.52400358e+01
 1.46989338e+01
 1.48240179e+01
 1.37409724e+01
 1.45279148e+01
 1.41347820e+01
 1.31161598e+01
 1.53903836e+01
 1.50395775e+01
 6.22687557e+00
 1.94570078e+01
 1.44129436e+01
 1.59100459e+01
 1.65397714e+01
 1.45831699e+01
 1.45684844e+01
 1.38146625e+01
 1.47144623e+01
 3.97310532e+00
 1.99944946e+01
 1.13708837e+01
 1.18473779e+01
 1.55525058e+01
 1.40095633e+01
 1.46038014e+01
 1.34452492e+01
 1.45302307e+01
 1.45853990e+01
 3.46526053e+00
 1.98304696e+01
 1.49573657e+01
 1.51419943e+01
 3.38421634e+00
 1.94191868e+01
 1.42328641e+01
 1.40198603e+01
 1.40650453e+01
 1.57317798e+01
 8.29792706e+00
 1.94277085e+01
 1.33713999e+01
 1.41539101e+01
 1.48354092e+01
 5.62359473e+00
 2.01309275e+01
 1.47878334e+01
 1.49072954e+01
 4.83206732e+00
 1.96193758e+01
 1.41849505e+01
 1.47909410e+01
 1.29806101e+01
 1.33920310e+01
 1.32930087e+01
 1.51504690e+01
 1.42704064e+01
 1.41368454e+01
 1.40753214e+01
 1.32781355e+01
 1.37411479e+01
 1.38426165e+01
 1.37733415e+01
 3.15818399e+00
 1.83014077e+01
 1.39089730e+01
 3.44535297e+00
 1.87396834e+01
 1.45806194e+01
 1.38853279e+01
 1.20832167e+01
 1.41062520e+01
 1.26939057e+01
 1.41600042e+01
 3.97965786e+00
 1.92333536e+01
 1.43301444e+01
 1.40623388e+01
 1.38590947e+01
 1.49263260e+01
 1.45474426e+01
 1.54270840e+01
 1.59297281e+01
 1.38505333e+01
 1.51176445e+01
 1.02185537e+01
 2.02584569e+01
 6.27896324e+00
 1.96225103e+01
 1.51208902e+01
 7.70563373e+01
 2.08908310e+01
 1.42019935e+01
 3.14657638e+00
 1.99740327e+01
 1.39099409e+01
 1.57154398e+01
 1.49813579e+01
 1.47660774e+01
 1.37499172e+01
 1.41095874e+01
 1.51598616e+01
 1.41185407e+01
 2.22463412e+01
 2.05077349e+01
 1.50712855e+01
 7.32285228e+00
 1.95470192e+01
 1.44554981e+01
 1.48731052e+01
 1.42115144e+01
 1.55658823e+01
 1.52579724e+01
 1.43665243e+01
 1.45441486e+01
 1.56827494e+01
 5.85920326e+00
 2.05821875e+01
 1.49356996e+01
 8.23558954e+00
 2.04507940e+01
 1.53130975e+01
 1.03086541e+01
 2.01041371e+01
 1.51894306e+01
 1.51200182e+01
 1.59570558e+01
 1.42458881e+01
 1.46861097e+01
 1.48984620e+01
 1.01757802e+01
 2.04205240e+01
 1.29051732e+01
 1.46059581e+01
 1.49218873e+01
 1.23607472e+01
 1.52934957e+01
 7.76842357e+00
 2.04926817e+01
 1.43540401e+01
 1.43328871e+01
 1.56195721e+01
 1.49263981e+01
 1.45958756e+01
 9.94497343e+00
 2.01543116e+01
 1.46960633e+01
 1.56652739e+01
 1.58292864e+01
 1.54866802e+01
 1.15673667e+01
 1.54528103e+01
 6.84807995e+00
 2.04552929e+01
 1.47452971e+01
 1.41963945e+01
 1.35034254e+01
 1.51100257e+01
 1.42346708e+01
 8.48616638e+00
 2.01588246e+01
 1.43715463e+01
 1.54209304e+01
 1.49489577e+01
 1.48859006e+01
 1.48267096e+01
 1.45993150e+01
 1.53417825e+01
 1.51920382e+01
 1.49597197e+01
 1.49352349e+01
 1.49751220e+01
 1.46168733e+01
 1.38314989e+01
 1.43900182e+01
 1.29068351e+01
 1.41141565e+01
 1.41009847e+01
 1.33885304e+01
 1.37160776e+01
 1.33625075e+01
 1.26310831e+01
 1.31157888e+01
 1.22753274e+01
 1.20807873e+01
 1.14685564e+01
 1.04030181e+01
 1.08088958e+01
 9.95449717e+00
 9.47890491e+00
 9.03361582e+00
 8.32806832e+00
 7.57023907e+00
 6.58657498e+00
 5.56957179e+00
 4.61089423e+00
 3.55998931e+00
 3.27986482e+00
 5.08790571e+00
 8.67336719e+00
 1.41345555e+01
 2.35672886e+01
 4.75979569e+01
 8.47825223e+01
 Inf
 1.44521689e+02
 4.84802463e+01
 NaN
 NaN
 NaN
 NaN
 NaN
 NaN
 NaN
 NaN
 NaN
 NaN
 NaN
 NaN
 NaN
 NaN
 NaN
 NaN
 NaN
 NaN
 NaN
 NaN
 NaN
 NaN
 NaN
 NaN
 NaN
 NaN
 NaN
 NaN
 NaN
 NaN
 NaN
 NaN
 NaN
 NaN
 NaN
 NaN
 NaN
 NaN
 NaN
 NaN
 NaN
 NaN
 NaN
 NaN
 NaN
 NaN
 NaN
 NaN
 NaN
 NaN
 NaN
 NaN
 NaN
 NaN
 NaN
 NaN
 NaN
 NaN
 NaN
 NaN
 NaN
 NaN
 NaN
 NaN
 NaN
 NaN
 Inf
 4.32148072e+01
 Inf
 4.70406871e+01
 4.38918577e+01
 4.64612651e+01
 4.45746401e+01
 4.69711737e+01
 7.41303577e+01
 NaN
 9.24464251e+01
 8.45415782e+01
 8.96018960e+01
 6.20990041e+01
 6.94012365e+01
 1.28326837e+02
 2.66691645e+02
 1.30851596e+02
 1.60727665e+02
 1.81884762e+02
 2.45101015e+02
 2.91536770e+02
 2.40576150e+02
 NaN
 1.47955157e+02
 2.59009925e+02
 4.99287149e+02
 NaN
 Inf
 NaN
 Inf
 3.09439439e+02
 6.20663329e+02
 Inf
 Inf
 3.17980476e+02
 3.68977179e+02
 5.01229726e+02
 NaN
 1.82270574e+02
 3.76849025e+02
 1.23948302e+02
 1.63771036e+02
 1.76848501e+02
 9.05182862e+01
 1.40295375e+02
 1.66974645e+02
 1.57311708e+02
 1.70736940e+02
 1.71142184e+02
 1.07092343e+02
 9.76558159e+01
 1.63425382e+02
 1.36037350e+02
 2.26600757e+02
 6.45643728e+02
 2.69133624e+02
 NaN
 2.82957632e+02
 1.56105265e+02
 1.01113815e+02
 1.97767476e+02
 1.60036286e+02
 NaN
 1.68860362e+02
 NaN
 1.12686850e+02
 1.11844541e+02
 1.07248498e+02
 1.42257829e+02
 1.30045126e+02
 1.41913662e+02
 1.29430861e+02
 1.67546525e+02
 NaN
 1.11621362e+02
 1.35728116e+02
 1.78531117e+02
 1.21871646e+02
 NaN
 1.24908334e+02
 1.07911471e+02
 1.26558168e+02
 1.38240037e+02
 1.20283876e+02
 2.75093587e+02
 1.39403921e+02
 2.37244839e+02
 2.57792843e+02
 Inf
 2.76688539e+02
 Inf
 2.63429235e+02
 2.16376142e+02
 1.65566259e+02
 5.68932813e+02
 NaN
 2.40598843e+02
 Inf
 4.36119016e+02
 1.68537084e+02
 1.87016112e+02
 1.24738942e+02
 2.07709278e+02
 3.30114866e+02
 1.34280529e+02
 4.00993309e+02
 2.35746048e+02
 NaN
 2.91658198e+02
 3.83343979e+02
 Inf
 2.23004654e+02
 2.79668724e+02
 Inf
 4.18864593e+02
 Inf
 Inf
 2.94126374e+02
 Inf
 2.84353269e+02
 Inf
 NaN
 6.87038957e+02
 4.39262254e+02
 3.50867254e+02
 Inf
 Inf
 Inf
 Inf
 4.51864018e+02
 Inf
 6.10333877e+02
 Inf
 Inf
 Inf
 2.27313706e+02
 6.09521513e+02
 Inf
 Inf
 3.27272025e+02
 NaN
 5.00382664e+02
 5.19151977e+02
 Inf
 Inf
 Inf
 3.72470038e+02
 NaN
 1.76357979e+02
 2.80807647e+02
 4.64309017e+02
 6.05988337e+02
 3.73799704e+02
 1.78250572e+02
 NaN
 1.56094862e+02
 1.68652736e+02
 9.51167109e+01
 NaN
 9.27315154e+01
 1.43453887e+02
 1.16927948e+02
 NaN
 1.04336751e+02
 1.45809365e+02
 7.02117847e+01
 8.57595031e+01
 NaN
 8.32497458e+01
 7.06494703e+01
 NaN
 7.36021015e+01
 6.23425951e+01
 7.49241752e+01
 7.13635661e+01
 7.92679746e+01
 1.44959424e+02
 9.15681479e+01
 7.60118033e+01
 8.33802354e+01
 8.94072473e+01
 7.32425700e+01
 1.18224830e+02
 7.39766607e+01
 9.73258442e+01
 7.91015384e+01
 7.50074255e+01
 1.07792034e+02
 NaN
 7.51766398e+01
 7.01509465e+01
 1.15130203e+02
 6.60204448e+01
 5.37344833e+01
 5.43486997e+01
 4.68401905e+01
 4.50016922e+01
 4.69716399e+01
 5.28717693e+01
 5.92858105e+01
 Inf
 5.72349663e+01
 NaN
 NaN
 4.41810494e+01
 5.02516174e+01
 NaN
 NaN
 4.45697886e+01
 NaN
 Inf
 NaN
 Inf
 NaN
 NaN
 NaN
 Inf
 Inf
 NaN
 Inf
 NaN
 NaN
 NaN
 Inf
 NaN
 NaN
 NaN
 NaN
 NaN
 NaN
 NaN
 NaN
 NaN
 NaN
 NaN
 NaN
 NaN
 NaN
 NaN
 NaN
 NaN
 NaN
 NaN
 NaN
 NaN
 NaN
 NaN
 NaN
 NaN
 NaN
 NaN
 NaN
 NaN
 NaN
 NaN
 NaN
 NaN
 NaN
 NaN
 NaN
 NaN
 NaN
 NaN
 NaN
 NaN
 NaN
 NaN
 NaN
 NaN
 NaN
 NaN
 NaN
 NaN
 NaN
 NaN
 NaN
 NaN
 NaN
 NaN
 NaN
 NaN
 NaN
 NaN
 NaN
 NaN
 NaN
 NaN
 NaN
 NaN
 NaN
 NaN
 NaN
 Inf
 NaN
 NaN
 NaN
 Inf
 NaN
 NaN
 NaN
 NaN
 NaN
 NaN
 NaN
 NaN
 NaN
 NaN
 NaN
 NaN
 NaN
 NaN
 NaN
 NaN
 NaN
 NaN
 NaN
 NaN
 NaN
 NaN
 NaN
 NaN
 NaN
 NaN
 NaN
 NaN
 NaN
 NaN
 NaN
 NaN
 NaN
 NaN
 NaN
 NaN
 NaN
 NaN
 NaN
 NaN
 NaN
 NaN
 NaN
 NaN
 NaN
 NaN
 NaN
 NaN
 NaN
 NaN
 NaN
 NaN
 NaN
 NaN
 NaN
 NaN
 NaN
 NaN
 NaN
 NaN
 NaN
 NaN
 NaN
 NaN
 NaN
 NaN
 NaN
 NaN
 NaN
 NaN
 NaN
 NaN
 NaN
 NaN
 NaN
 NaN
 Inf
 Inf
 Inf
 NaN
 Inf
 Inf
 Inf
 NaN
 NaN
 NaN
 NaN
 NaN
 NaN
 NaN
 NaN
 NaN
 NaN
 NaN
 NaN
 NaN
 NaN
 NaN
 NaN
 NaN
 NaN
 NaN
 NaN
 NaN
 NaN
 NaN
 NaN
 Inf
 Inf
 NaN
 Inf
 3.58941514e+01
 Inf
 Inf
 4.20796691e+01
 Inf
 NaN
 Inf
 3.94463973e+01
 4.14458408e+01
 4.54548186e+01
 4.28461078e+01
 4.28909773e+01
 NaN
 NaN
 Inf
 NaN
 NaN
 NaN
 NaN
 NaN
 4.36489112e+01
 NaN
 Inf
 Inf
 Inf
 Inf
 4.55169145e+01
 NaN
 NaN
 5.20621432e+01
 Inf
 4.48848456e+01
 4.89879293e+01
 5.33198634e+01
 6.70274655e+01
 5.62682117e+01
 8.11089503e+01
 NaN
 6.59348313e+01
 5.66516533e+01
 5.37930462e+01
 5.08903559e+01
 5.59169250e+01
 6.35507451e+01
 7.85449266e+01
 6.63287164e+01
 7.09567243e+01
 8.38499147e+01
 5.56897777e+01
 7.37212615e+01
 6.81429033e+01
 8.34176019e+01
 6.72405540e+01
 NaN
 5.56769993e+01
 7.18211837e+01
 9.54540416e+01
 NaN
 7.73997440e+01
 7.17407031e+01
 6.64526285e+01
 5.20712719e+01
 6.99637063e+01
 8.69291532e+01
 5.25839198e+01
 8.00843549e+01
 1.13642493e+02
 1.04176917e+02
 6.66807005e+01
 NaN
 5.02544041e+01
 8.42520402e+01
 9.66467293e+01
 7.70100671e+01
 1.09326524e+02
 6.42164083e+01
 7.61067663e+01
 8.48057192e+01
 8.13708981e+01
 1.01378027e+02
 1.63513888e+02
 8.07311720e+01
 6.79615254e+01
 8.92079707e+01
 NaN
 1.07947329e+02
 1.09702554e+02
 7.58220161e+01
 NaN
 8.98133050e+01
 7.85093218e+01
 1.02801097e+02
 NaN
 9.45618733e+01
 1.69050554e+02
 NaN
 2.34058565e+02
 1.47020568e+02
 3.58097623e+02
 1.56351550e+02
 Inf
 2.93226672e+02
 5.09886792e+02
 Inf
 Inf
 Inf
 6.24950052e+02
 2.04523664e+02
 1.64203823e+02
 2.06080338e+02
 NaN
 1.47616552e+02
 4.26407750e+02
 3.36042166e+02
 4.66125347e+02
 Inf
 4.74417376e+02
 Inf
 2.08092817e+02
 3.84822151e+02
 3.73742029e+02
 Inf
 3.36537676e+02
 4.59985739e+02
 Inf
 NaN
 7.26330251e+02
 3.55774031e+02
 3.01329224e+02
 2.48918802e+02
 3.55334744e+02
 3.16013071e+02
 2.04442343e+02
 2.92163999e+02
 5.16179099e+02
 Inf
 1.91700350e+02
 3.17627256e+02
 Inf
 5.74404598e+02
 2.54741347e+02
 6.11572765e+02
 1.45022874e+02
 1.12715779e+02
 1.44397442e+02
 1.01096637e+02
 1.19347076e+02
 2.17110189e+02
 3.51389286e+02
 4.82936702e+02
 1.18524302e+02
 NaN
 2.54693294e+02
 1.21199917e+02
 1.05053172e+02
 2.29308636e+02
 3.43758662e+02
 1.57461346e+02
 2.41190290e+02
 7.13540768e+02
 Inf
 2.42087828e+02
 3.68421030e+02
 3.17392352e+02
 1.96674561e+02
 1.27151387e+02
 1.90326698e+02
 1.68153334e+02
 2.00705812e+02
 1.36249439e+02
 3.38432408e+02
 1.77411996e+02
 NaN
 NaN
 1.33482412e+02
 NaN
 1.48167907e+02
 9.45556430e+01
 8.04495396e+01
 8.61037076e+01
 1.20165919e+02
 1.35459458e+02
 1.05847381e+02
 1.36945287e+02
 1.21011472e+02
 1.04228051e+02
 NaN
 1.10301390e+02
 1.12294288e+02
 1.13796946e+02
 1.19489721e+02
 1.23142645e+02
 1.38294020e+02
 8.03913018e+01
 8.74393341e+01
 5.31769354e+01
 6.22541566e+01
 8.48339722e+01
 NaN
 6.84909370e+01
 6.20296120e+01
 4.86106327e+01
 4.85933564e+01
 5.33097719e+01
 5.76825329e+01
 4.64200894e+01
 6.63016686e+01
 4.59338456e+01
 3.98905650e+01
 5.28516857e+01
 NaN
 4.33743236e+01
 5.57372539e+01
 3.05777805e+01
 NaN
 2.69599025e+01
 4.09901923e+01
 3.91997569e+01
 4.35723271e+01
 4.83297593e+01
 NaN
 4.97314731e+01
 4.45076311e+01
 NaN
 5.06692701e+01
 7.55680630e+01
 5.29990769e+01
 6.10647231e+01
 4.07870259e+01
 4.53195386e+01
 4.46936445e+01
 5.67934998e+01
 4.82680010e+01
 4.39273613e+01
 4.94931202e+01
 4.64292274e+01
 4.87394674e+01
 4.73398279e+01
 4.85820959e+01
 4.50112071e+01
 4.73424445e+01
 5.16219789e+01
 5.36911500e+01
 4.57921622e+01
 4.43943990e+01
 4.79169234e+01
 4.74272214e+01
 3.55798606e+01
 4.06544418e+01
 4.85070851e+01
 5.18442743e+01
 4.28838118e+01
 4.02998049e+01
 3.64043940e+01
 NaN
 3.00569359e+01
 3.14738257e+01
 2.91387693e+01
 NaN
 2.30530010e+01
 NaN
 2.39291372e+01
 2.26838115e+01
 2.54948237e+01
 2.65696036e+01
 2.13883291e+01
 2.52289014e+01
 2.78659612e+01
 2.52557259e+01
 2.70980200e+01
 2.68246926e+01
 NaN
 1.74220793e+01
 NaN
 1.82041962e+01
 2.71559529e+01
 2.34638927e+01
 2.63082869e+01
 NaN
 2.03066527e+01
 2.29452472e+01
 2.15000690e+01
 2.33337323e+01
 2.03330632e+01
 2.33833502e+01
 2.24588848e+01
 1.92836002e+01
 NaN
 1.54683472e+01
 2.21346728e+01
 2.31401339e+01
 2.27707684e+01
 2.26592300e+01
 1.97472658e+01
 1.92782473e+01
 2.10980860e+01
 1.96294313e+01
 2.25550408e+01
 1.95248330e+01
 2.23925510e+01
 1.73563795e+01
 NaN
 1.38009223e+01
 2.05266116e+01
 2.00695322e+01
 1.54181594e+01
 1.90981682e+01
 2.21154174e+01
 NaN
 1.45674007e+01
 1.75962431e+01
 1.97377303e+01
 1.72065490e+01
 1.88439063e+01
 1.72965152e+01
 1.61379908e+01
 1.43015496e+01
 1.43624671e+01
 1.55151691e+01
 1.70914499e+01
 1.79178042e+01
 2.08208610e+01
 1.88363597e+01
 1.76958224e+01
 1.43361962e+01
 1.44174259e+01
 1.81060548e+01
 1.64067249e+01
 1.84771633e+01
 1.62567557e+01
 1.21047096e+01
 1.59962473e+01
 2.21542018e+01
 2.02284299e+01
 1.83098944e+01
 NaN
 1.56138245e+01
 1.96999245e+01
 2.24226951e+01
 1.94704932e+01
 2.30374242e+01
 2.55754651e+01
 2.27570880e+01
 NaN
 1.90178611e+01
 2.45372286e+01
 2.15303591e+01
 2.12796365e+01
 2.24203499e+01
 2.36513772e+01
 2.61686771e+01
 2.47688627e+01
 2.63941218e+01
 2.18290694e+01
 2.43492291e+01
 2.61898940e+01
 2.52157144e+01
 1.93852321e+01
 2.37574559e+01
 2.62460376e+01
 NaN
 1.73505699e+01
 2.42254985e+01
 NaN
 1.79981865e+01
 2.54448336e+01
 2.80330323e+01
 2.74615359e+01
 2.42964662e+01
 2.76757551e+01
 3.00210619e+01
 3.11733131e+01
 3.08139978e+01
 3.17946319e+01
 3.05096303e+01
 3.16059441e+01
 3.30564839e+01
 3.62129817e+01
 3.38988849e+01
 2.91780072e+01
 NaN
 2.16422641e+01
 2.98314296e+01
 3.19780421e+01
 3.35347349e+01
 3.63125899e+01
 2.77127576e+01
 3.23764449e+01
 3.19872481e+01
 3.49751770e+01
 3.38129822e+01
 3.19496446e+01
 2.68362138e+01
 3.28479250e+01
 NaN
 2.24155497e+01
 3.06675610e+01
 3.31278345e+01
 3.50682370e+01
 2.73707912e+01
 3.37405737e+01
 3.97935367e+01
 3.00698840e+01
 4.05779752e+01
 3.53625223e+01
 3.29949204e+01
 3.62576357e+01
 3.25802666e+01
 3.01731431e+01
 2.92679021e+01
 3.07798474e+01
 3.39068354e+01
 2.36505649e+01
 NaN
 2.08471179e+01
 2.85696653e+01
 NaN
 2.78863326e+01
 3.70796978e+01
 2.97982409e+01
 2.83204182e+01
 3.22635984e+01
 2.89886124e+01
 2.86957331e+01
 3.01820348e+01
 2.41420725e+01
 2.71593945e+01
 NaN
 2.41929868e+01
 2.72525953e+01
 2.57177483e+01
 2.94664073e+01
 2.68586745e+01
 NaN
 1.66341971e+01
 2.61713019e+01
 2.88657061e+01
 2.86211133e+01
 3.18948788e+01
 2.77470185e+01
 2.50140054e+01
 2.42609495e+01
 2.45909359e+01
 2.60653994e+01
 2.41435475e+01
 2.60633238e+01
 2.69505202e+01
 2.46993203e+01
 2.19698198e+01
 2.42414060e+01
 NaN
 1.97438246e+01
 2.32912574e+01
 2.51432999e+01
 2.47861748e+01
 2.59829178e+01
 2.89923462e+01
 NaN
 2.25936353e+01
 2.93064013e+01
 2.99662840e+01
 2.65446410e+01
 2.95945335e+01
 2.86048622e+01
 3.03255113e+01
 2.55780155e+01
 2.77854345e+01
 2.88821484e+01
 2.76009469e+01
 2.40179613e+01
 2.74953752e+01
 NaN
 3.44867774e+01
 2.56333639e+01
 2.93721322e+01
 NaN
 2.85659892e+01
 3.61636552e+01
 3.39049536e+01
 3.63081170e+01
 3.32223986e+01
 2.64513341e+01
 3.20063522e+01
 3.48111421e+01
 3.89143705e+01
 3.19681929e+01
 NaN
 2.51623726e+01
 2.98434020e+01
 NaN
 2.35047806e+01
 3.93795235e+01
 3.64643135e+01
 3.91014394e+01
 3.39632636e+01
 3.19314520e+01
 3.42608599e+01
 3.92380001e+01
 3.15652191e+01
 3.46532479e+01
 3.09907839e+01
 3.29429677e+01
 3.45367557e+01
 2.63194863e+01
 3.31807453e+01
 3.74708159e+01
 2.92782728e+01
 3.87182147e+01
 4.75975816e+01
 5.13075798e+01
 3.38939769e+01
 4.34526837e+01
 NaN
 3.26143842e+01
 4.67499012e+01
 NaN
 4.13883482e+01
 5.00314994e+01
 5.91714450e+01
 6.71388220e+01
 6.56987020e+01
 6.41372113e+01
 4.28092732e+01
 5.34815019e+01
 4.35898865e+01
 NaN
 2.60943725e+01
 5.59631672e+01
 4.50531608e+01
 4.85103006e+01
 1.19598824e+01
 1.44624124e+01
 1.14990268e+01
 5.16333731e+00
 3.19631122e+01
 4.98348451e+01
 4.73114163e+01
 5.21970467e+01
 4.54956354e+01
 4.30079918e+01
 3.30128788e+01
 3.96153818e+01
 4.84664923e+01
 4.15693515e+01
 4.77468355e+01
 4.66907478e+01
 5.37303472e+01
 NaN
 4.05518871e+01
 NaN
 3.29834972e+01
 4.57402440e+01
 3.24116723e+01
 NaN
 3.00563310e+01
 3.96260569e+01
 4.23380946e+01
 4.41216754e+01
 4.03840331e+01
 4.33789706e+01
 3.53261909e+01
 4.39715743e+01
 3.92754938e+01
 3.37886838e+01
 3.28892450e+01
 3.67640631e+01
 4.13302298e+01
 NaN
 3.77121647e+01
 5.23807948e+01
 4.56233486e+01
 3.91860550e+01
 4.23107981e+01
 4.49557501e+01
 NaN
 3.47901328e+01
 4.78022589e+01
 4.35426873e+01
 4.70202812e+01
 3.85419859e+01
 5.37187372e+01
 4.85212604e+01
 5.15883900e+01
 4.99061798e+01
 5.70400877e+01
 5.13303613e+01
 NaN
 5.88503144e+01
 5.15204866e+01
 4.06601292e+01
 NaN
 3.75076833e+01
 NaN
 3.48044356e+01
 4.62245564e+01
 NaN
 4.07051203e+01
 4.93838287e+01
 4.57820632e+01
 5.14496092e+01
 4.32514425e+01
 4.99501256e+01
 6.51177934e+01
 5.65044092e+01
 4.62779407e+01
 5.53312670e+01
 6.08838305e+01
 6.36870479e+01
 5.29859033e+01
 NaN
 5.04508217e+01
 5.35380718e+01
 NaN
 4.71784271e+01
 5.75231576e+01
 5.23685692e+01
 7.32751833e+01
 6.57762306e+01
 4.16242483e+01
 5.19241288e+01
 4.61038688e+01
 5.26010818e+01
 3.83282332e+01
 NaN
 4.10275505e+01
 5.38739817e+01
 4.83228133e+01
 5.76785942e+01
 3.80445701e+01
 5.27050281e+01
 3.76068012e+01
 4.41972414e+01
 3.97163150e+01
 4.29468219e+01
 5.75162139e+01
 4.70087090e+01
 4.73251600e+01
 3.35717466e+01
 4.07226725e+01
 3.28672360e+01
 4.41401580e+01
 2.94538621e+01
 3.51078058e+01
 3.92143203e+01
 2.92650329e+01
 NaN
 2.83486650e+01
 2.98891940e+01
 3.38567927e+01
 3.63155105e+01
 3.66416526e+01
 2.32129247e+01
 3.22476187e+01
 3.08363107e+01
 2.97080596e+01
 3.13407144e+01
 2.75996690e+01
 1.92430169e+01
 2.55910726e+01
 2.17431828e+01
 NaN
 1.82015842e+01
 2.40991260e+01
 1.71830199e+01
 1.42243225e+01
 1.93239995e+01
 1.84717201e+01
 NaN
 9.35158276e+00
 NaN
 1.24215221e+01
 1.45861772e+01
 1.66670516e+01
 1.76184207e+01
 1.96798177e+01
 2.18912595e+01
 NaN
 1.81344366e+01
 2.35255166e+01
 2.33845284e+01
 1.78981848e+01
 1.81803600e+01
 1.74929174e+01
 1.93239108e+01
 2.15242243e+01
 2.30775440e+01
 2.76904484e+01
 1.89377220e+01
 2.21521763e+01
 1.68391590e+01
 NaN
 1.35362233e+01
 2.04811829e+01
 1.86376824e+01
 2.10926956e+01
 2.49430196e+01
 2.87198061e+01
 2.58315676e+01
 2.19270702e+01
 2.49436634e+01
 2.19987275e+01
 2.56252296e+01
 NaN
 1.94258808e+01
 2.39554290e+01
 2.55069993e+01
 3.01756960e+01
 NaN
 2.76165361e+01
 3.79552310e+01
 2.50202678e+01
 2.97856683e+01
 2.87604874e+01
 2.48845784e+01
 2.43176869e+01
 2.45712353e+01
 2.55690477e+01
 2.31031357e+01
 2.95864273e+01
 2.64076419e+01
 3.44636023e+01
 2.57156339e+01
 2.14052960e+01
 2.52514617e+01
 2.31571906e+01
 2.91483927e+01
 2.79339547e+01
 2.81597513e+01
 2.64929224e+01
 2.96852307e+01
 2.75064740e+01
 2.24459741e+01
 1.93674691e+01
 NaN
 1.64491666e+01
 1.84742181e+01
 2.22605692e+01
 2.49064504e+01
 2.28952079e+01
 1.50483051e+01
 1.93249344e+01
 2.16627470e+01
 2.37653700e+01
 2.22407202e+01
 2.74540368e+01
 2.21643617e+01
 NaN
 1.70523962e+01
 1.93368503e+01
 2.15324084e+01
 1.70940274e+01
 1.54749028e+01
 1.85621928e+01
 1.72762384e+01
 1.90805888e+01
 2.06847217e+01
 1.86444841e+01
 1.83826092e+01
 1.41531416e+01
 1.65957420e+01
 1.79985855e+01
 1.90494483e+01
 2.01324957e+01
 1.48034205e+01
 1.77974084e+01
 1.02496539e+01
 1.35305413e+01
 1.57010556e+01
 1.53378020e+01
 1.76327975e+01
 1.41640074e+01
 1.94594523e+01
 NaN
 1.53516352e+01
 2.25542063e+01
 1.86177570e+01
 2.03353845e+01
 2.17643001e+01
 1.93927992e+01
 2.20595532e+01
 2.54080035e+01
 2.00092239e+01
 1.90858375e+01
 2.41199152e+01
 2.77270220e+01
 2.15249561e+01
 2.54090956e+01
 2.47500262e+01
 2.24270284e+01
 2.11493326e+01
 2.30899749e+01
 2.12071614e+01
 1.89323125e+01
 2.43099988e+01
 NaN
 2.19935835e+01
 2.76909080e+01
 2.85467453e+01
 3.15495058e+01
 3.39456619e+01
 3.13240037e+01
 3.57623969e+01
 NaN
 2.76305999e+01
 7.82873709e+01
 2.93475502e+01
 3.60356208e+01
 NaN
 2.71258478e+01
 4.42207308e+01
 NaN
 3.23427590e+01
 3.35319300e+01
 3.84095276e+01
 NaN
 2.75973232e+01
 3.70641035e+01
 NaN
 3.21327997e+01
 3.75849523e+01
 4.02875678e+01
 3.21969981e+01
 3.72543667e+01
 3.54167079e+01
 3.82038075e+01
 4.04827306e+01
 NaN
 3.96536502e+01
 4.18500171e+01
 3.81567964e+01
 4.80931717e+01
 5.18464531e+01
 4.25182735e+01
 3.95122930e+01
 4.44417568e+01
 4.72159122e+01
 4.44643999e+01
 5.05388737e+01
 3.45868111e+01
 NaN
 2.40074751e+01
 3.76505205e+01
 NaN
 2.92662098e+01
 3.64472625e+01
 3.41719675e+01
 3.78488916e+01
 4.06016482e+01
 3.83305172e+01
 3.37849840e+01
 3.36171204e+01
 2.80652044e+01
 2.42499944e+01
 2.75503328e+01
 2.69303191e+01
 NaN
 2.06594725e+01
 2.75688474e+01
 2.99185030e+01
 2.19783969e+01
 2.51553693e+01
 2.74046163e+01
 3.55021712e+01
 2.30531708e+01
 NaN
 2.19964500e+01
 2.73984872e+01
 2.49193604e+01
 NaN
 1.74344578e+01
 1.93606964e+01
 2.70205948e+01
 2.49738033e+01
 1.73462867e+01
 2.09588082e+01
 2.32186789e+01
 2.14641686e+01
 2.51735048e+01
 2.19991518e+01
 2.92642694e+01
 1.58625793e+01
 1.99075836e+01
 2.87053942e+01
 2.77557542e+01
 3.23000708e+01
 2.55094001e+01
 3.17398735e+01
 3.60418368e+01
 2.77803506e+01
 2.56538096e+01
 3.09985363e+01
 2.75605476e+01
 3.05053159e+01
 2.76508412e+01
 2.08738134e+01
 2.98310670e+01
 3.65208580e+01
 2.85835235e+01
 3.16669614e+01
 3.42419599e+01
 3.69112942e+01
 3.88344925e+01
 3.00593920e+01
 3.46252309e+01
 2.76806739e+01
 3.16466144e+01
 2.78130218e+01
 3.26616196e+01
 3.13339598e+01
 NaN
 2.04225667e+01
 NaN
 2.82658573e+01
 NaN
 2.00450318e+01
 3.18349904e+01
 2.84761755e+01
 NaN
 2.59873555e+01
 2.07547796e+01
 2.39985547e+01
 1.98064253e+01
 2.34229916e+01
 2.58493863e+01
 2.42648030e+01
 2.46802192e+01
 2.58742635e+01
 2.23371293e+01
 2.39593150e+01
 2.16168542e+01
 2.55280941e+01
 2.30061898e+01
 2.11943998e+01
 2.35104438e+01
 2.54174501e+01
 1.80963215e+01
 1.73391213e+01
 1.91702495e+01
 1.80604797e+01
 1.94238356e+01
 1.99259257e+01
 1.68573200e+01
 1.61759257e+01
 1.36247568e+01
 1.62612532e+01
 1.88179850e+01
 1.55363141e+01
 1.44461793e+01
 1.59476197e+01
 1.67449212e+01
 1.98782164e+01
 NaN
 1.41164407e+01
 1.90830447e+01
 1.76218390e+01
 1.98431338e+01
 1.48488984e+01
 1.75787760e+01
 1.61522197e+01
 1.26420159e+01
 1.56358514e+01
 1.90434460e+01
 1.70927451e+01
 1.92278213e+01
 1.57308306e+01
 NaN
 9.87177672e+00
 1.46447130e+01
 1.60975457e+01
 1.67613098e+01
 1.35706429e+01
 1.64728796e+01
 1.57347770e+01
 1.72859722e+01
 2.14392665e+01
 NaN
 1.07054624e+01
 2.61196735e+01
 2.29534549e+01
 2.56257819e+01
 2.12785863e+01
 NaN
 1.38694685e+01
 1.72450826e+01
 1.92325581e+01
 1.97930085e+01
 2.35950921e+01
 2.30360180e+01
 2.07146910e+01
 2.42603492e+01
 NaN
 2.84678405e+01
 3.26502527e+01
 3.03962875e+01
 1.81349460e+01
 2.31399967e+01
 2.57261928e+01
 NaN
 2.66601468e+01
 2.67630557e+01
 2.10258360e+01
 2.46667486e+01
 NaN
 1.85312227e+01
 2.76964138e+01
 2.38414360e+01
 2.27137886e+01
 2.22452607e+01
 2.22548766e+01
 2.09922806e+01
 2.43002263e+01
 2.70981035e+01
 2.00324900e+01
 2.61632208e+01
 NaN
 1.89359332e+01
 3.00705643e+01
 2.90431594e+01
 2.59531887e+01
 NaN
 2.04846414e+01
 2.61133616e+01
 2.51552770e+01
 2.89911455e+01
 2.38004919e+01
 3.25138467e+01
 3.62594519e+01
 3.90215628e+01
 2.84936583e+01
 2.67878455e+01
 2.97409536e+01
 3.79520143e+01
 NaN
 3.04036084e+01
 4.65600132e+01
 5.58269350e+01
 4.24791084e+01
 3.79718102e+01
 4.09154380e+01
 3.47423989e+01
 NaN
 3.30219942e+01
 3.08102376e+01
 3.37730631e+01
 3.57205204e+01
 4.51901250e+01
 NaN
 3.93710276e+01
 3.83542935e+01
 3.61345056e+01
 4.20208683e+01
 3.41397056e+01
 2.96269016e+01
 4.18570055e+01
 2.10767621e+01
 3.05752136e+01
 2.44265728e+01
 2.30477345e+01
 4.41053369e+01
 4.93096524e+01
 4.73385230e+01
 4.96562282e+01
 4.42031255e+01
 2.32672190e+01
 NaN
 2.89221591e+01
 3.59918675e+01
 3.72259494e+01
 3.30569342e+01
 3.17244874e+01
 2.30391502e+01
 NaN
 4.68368253e+01
 3.80758192e+01
 2.93040188e+01
 2.33429263e+01
 3.38976152e+01
 1.63286947e+01
 NaN
 2.08950224e+01
 NaN
 NaN
 2.78645356e+01
 NaN
 2.56015884e+01
 2.94925884e+01
 3.28816500e+01
 NaN
 2.32908245e+01
 3.14029820e+01
 3.96719376e+01
 3.46880201e+01
 NaN
 2.64552750e+01
 3.06792346e+01
 3.25336355e+01
 3.45068636e+01
 2.36254486e+01
 2.69055730e+01
 2.38457146e+01
 NaN
 2.26831047e+01
 2.36840128e+01
 2.62045774e+01
 2.06446631e+01
 2.34172771e+01
 2.19064095e+01
 2.48118821e+01
 2.73276466e+01
 2.98237328e+01
 2.51156978e+01
 2.91002101e+01
 2.71705577e+01
 2.91414435e+01
 3.09899650e+01
 3.32304049e+01
 3.61035786e+01
 NaN
 2.83693312e+01
 3.28581496e+01
 3.72156503e+01
 2.89420697e+01
 NaN
 3.18040058e+01
 3.91114212e+01
 3.83806528e+01
 3.51867664e+01
 3.70598206e+01
 NaN
 3.40344390e+01
 2.90002840e+01
 NaN
 3.17848263e+01
 2.91066111e+01
 3.27525172e+01
 3.49123069e+01
 3.69501047e+01
 3.14960009e+01
 3.82195836e+01
 3.06646545e+01
 3.38374069e+01
 3.06407988e+01
 2.98163290e+01
 3.22724100e+01
 2.88243794e+01
 2.85672483e+01
 3.18180284e+01
 2.52084466e+01
 2.86666969e+01
 NaN
 1.74835050e+01
 3.17895634e+01
 2.93742750e+01
 2.82367431e+01
 3.17280493e+01
 3.88887675e+01
 3.42916838e+01
 3.11353786e+01
 3.58263546e+01
 3.12893865e+01
 3.46793568e+01
 3.70023056e+01
 4.16682667e+01
 4.81338598e+01
 4.28865915e+01
 3.42763978e+01
 3.96972154e+01
 4.62546584e+01
 4.47158265e+01
 4.79050454e+01
 5.26527859e+01
 5.80163356e+01
 5.00803947e+01
 5.43346262e+01
 NaN
 6.97960548e+01
 6.27616203e+01
 7.38369371e+01
 1.00451771e+02
 6.72446992e+01
 6.21978300e+01
 8.79702531e+01
 7.69506447e+01
 9.01292198e+01
 7.02576909e+01
 8.43625717e+01
 NaN
 NaN
 8.12994933e+01
 6.93370190e+01
 7.87968653e+01
 6.39093036e+01
 5.37567655e+01
 7.47086099e+01
 NaN
 6.68210037e+01
 6.44741697e+01
 5.98627489e+01
 5.81249651e+01
 5.39361939e+01
 6.59164244e+01
 5.84332111e+01
 5.62478516e+01
 4.83902430e+01
 4.66629279e+01
 5.52266249e+01
 5.32868476e+01
 5.35540510e+01
 5.53699348e+01
 5.87800791e+01
 5.53318211e+01
 4.55548639e+01
 3.79259832e+01
 4.18701361e+01
 3.67941778e+01
 3.94668228e+01
 NaN
 2.65996999e+01
 3.53150263e+01
 3.48803443e+01
 3.50373078e+01
 3.18914341e+01
 3.40872604e+01
 3.28502358e+01
 3.66468612e+01
 2.91235800e+01
 NaN
 2.88455557e+01
 3.30439678e+01
 3.05055921e+01
 3.25956334e+01
 3.82160745e+01
 3.44347226e+01
 3.38072908e+01
 3.29153346e+01
 2.44374895e+01
 NaN
 2.57079241e+01
 2.88082607e+01
 3.30533260e+01
 2.96706334e+01
 3.22185453e+01
 2.97750692e+01
 2.49467608e+01
 2.90166258e+01
 2.87340124e+01
 2.45387958e+01
 2.82886833e+01
 2.43341768e+01
 2.75247068e+01
 3.07277087e+01
 2.94009867e+01
 2.68634703e+01
 2.47388028e+01
 NaN
 2.05333802e+01
 NaN
 2.29134829e+01
 1.81704546e+01
 2.16696546e+01
 2.76807076e+01
 2.21889974e+01
 2.66210511e+01
 2.55552485e+01
 3.07008778e+01
 2.79540547e+01
 3.02692022e+01
 3.17349013e+01
 3.40760834e+01
 3.57084474e+01
 NaN
 1.99908286e+01
 3.01541116e+01
 3.16950683e+01
 3.12957101e+01
 3.50225581e+01
 NaN
 3.10697183e+01
 3.86550203e+01
 3.83212630e+01
 2.47232377e+01
 2.04043445e+01
 3.55193408e+01
 4.44946053e+01
 3.90501795e+01
 3.17551005e+01
 3.69840321e+01
 2.95242443e+01
 NaN
 2.67251130e+01
 3.94175533e+01
 3.64597823e+01
 3.49039757e+01
 3.69957948e+01
 3.09607625e+01
 3.92624174e+01
 2.63101677e+01
 NaN
 NaN
 2.15990689e+01
 3.59156642e+01
 3.37857561e+01
 2.50021084e+01
 NaN
 2.20324943e+01
 3.00965339e+01
 2.71846523e+01
 2.15476903e+01
 2.41367706e+01
 2.31713114e+01
 1.81932381e+01
 2.10097256e+01
 1.63038355e+01
 2.00140895e+01
 1.82390168e+01
 2.02225592e+01
 1.49882100e+01
 1.78026816e+01
 NaN
 1.34175058e+01
 1.90967403e+01
 1.73412397e+01
 1.93302672e+01
 2.14904785e+01
 2.31402161e+01
 2.49164440e+01
 2.24485036e+01
 2.00768664e+01
 2.36936080e+01
 2.64652423e+01
 2.41776037e+01
 2.09730692e+01
 2.14899061e+01
 2.47608409e+01
 NaN
 1.90566358e+01
 2.08546149e+01
 1.89403337e+01
 3.08203965e+01
 2.81471459e+01
 3.08765511e+01
 3.03068124e+01
 2.80179012e+01
 2.29214502e+01
 2.57439819e+01
 2.19597280e+01
 2.42880800e+01
 1.90311913e+01
 2.16988165e+01
 1.69429424e+01
 2.33725849e+01
 1.71562056e+01
 2.50769440e+01
 2.06765942e+01
 1.62620544e+01
 1.90819381e+01
 1.98064892e+01
 2.15717830e+01
 1.46260410e+01
 1.77386248e+01
 1.97278660e+01
 1.68606176e+01
 1.90707729e+01
 2.06914703e+01
 2.08250614e+01
 2.21369599e+01
 NaN
 1.60450353e+01
 2.41442453e+01
 2.65509813e+01
 3.15961237e+01
 3.48047897e+01
 2.70504338e+01
 2.42101667e+01
 2.66956806e+01
 3.11457010e+01
 2.55710148e+01
 3.06421087e+01
 2.48517723e+01
 NaN
 2.00482619e+01
 3.32934935e+01
 NaN
 1.92874679e+01
 2.03399253e+01
 3.14293908e+01
 NaN
 2.35866655e+01
 NaN
 1.90940882e+01
 2.63035555e+01
 2.81623396e+01
 2.67140116e+01
 2.88769535e+01
 3.24586211e+01
 2.10400414e+01
 2.83719615e+01
 2.57177873e+01
 2.84699903e+01
 2.83250942e+01
 3.29997852e+01
 4.22483840e+01
 2.83033272e+01
 2.87978833e+01
 2.62501364e+01
 2.81838430e+01
 2.85026483e+01
 2.40321234e+01
 2.86245806e+01
 2.50851876e+01
 NaN
 2.04251706e+01
 2.63460155e+01
 2.53672923e+01
 2.79914729e+01
 2.56198148e+01
 3.28296732e+01
 1.98866051e+01
 2.93654521e+01
 NaN
 2.67239505e+01
 3.15282466e+01
 3.56289949e+01
 3.05704948e+01
 1.39643109e+01
 3.10246746e+01
 NaN
 1.45926829e+01
 2.79155508e+01
 NaN
 3.32995362e+01
 3.32931799e+01
 3.91774819e+01
 3.60996507e+01
 2.71990949e+01
 2.29112947e+01
 2.03984276e+01
 3.32147417e+01
 2.95402405e+01
 3.54695966e+01
 2.66940469e+01
 NaN
 1.85082308e+01
 2.71925190e+01
 2.04786492e+01
 2.35853852e+01
 1.95315152e+01
 2.54802610e+01
 2.33130837e+01
 NaN
 1.20366552e+01
 1.88697068e+01
 2.20717645e+01
 2.43922376e+01
 2.60980701e+01
 2.48004007e+01
 2.60238145e+01
 2.46273548e+01
 2.57586633e+01
 2.27341224e+01
 2.73104719e+01
 3.26783249e+01
 2.07486841e+01
 NaN
 1.96505611e+01
 2.69643073e+01
 3.03066980e+01
 3.45077738e+01
 2.72752858e+01
 2.39142418e+01
 3.09888812e+01
 NaN
 2.83121633e+01
 2.68283961e+01
 NaN
 2.53026373e+01
 2.56027210e+01
 3.48724157e+01
 2.70234541e+01
 3.02115814e+01
 2.24090570e+01
 2.95327673e+01
 3.49772624e+01
 4.37161726e+01
 3.35248615e+01
 4.38324491e+01
 4.02928621e+01
 3.43856813e+01
 NaN
 2.74394151e+01
 3.50540584e+01
 3.50809301e+01
 3.76558036e+01
 2.96304616e+01
 4.25606201e+01
 3.33555742e+01
 NaN
 2.72019159e+01
 3.62532293e+01
 3.81732991e+01
 4.17907015e+01
 3.46561329e+01
 4.02401464e+01
 3.30637131e+01
 3.90008743e+01
 4.34001739e+01
 6.07687740e+01
 4.73065856e+01
 4.15603015e+01
 3.90232414e+01
 4.16722972e+01
 4.90119691e+01
 3.93195026e+01
 4.58464680e+01
 4.01776226e+01
 4.98897293e+01
 5.56191535e+01
 6.85239219e+01
 4.50250415e+01
 6.14732517e+01
 5.17443918e+01
 6.94668970e+01
 6.39757177e+01
 5.98583090e+01
 6.47440169e+01
 8.33629074e+01
 7.82767150e+01
 6.13202614e+01
 5.82378271e+01
 8.27707733e+01
 5.89104283e+01
 7.05459901e+01
 NaN
 6.25522611e+01
 5.09621213e+01
 6.22214426e+01
 7.34557811e+01
 4.96836903e+01
 6.25054269e+01
 6.66143587e+01
 5.01024377e+01
 4.25937938e+01
 4.75824239e+01
 4.68745391e+01
 4.88526819e+01
 4.23225993e+01
 5.66167212e+01
 6.12572137e+01
 6.33804756e+01
 6.18389546e+01
 6.34546165e+01
 8.09859130e+01
 1.04615820e+02
 8.22675096e+01
 7.14337357e+01
 8.81770885e+01
 NaN
 1.20285081e+02
 NaN
 1.52006332e+02
 2.16732581e+02
 1.61684769e+02
 1.24902527e+02
 8.15626337e+01
 1.58528263e+02
 NaN
 2.37772480e+02
 1.48188236e+02
 1.70685837e+02
 1.25747523e+02
 2.28759141e+02
 1.65491349e+02
 3.76372596e+02
 2.64932952e+02
 1.99500001e+02
 NaN
 3.25621881e+02
 Inf
 Inf
 5.68947124e+02
 5.11080255e+02
 5.16206439e+02
 Inf
 Inf
 NaN
 NaN
 NaN
 NaN
 NaN
 NaN
 NaN
 NaN
 NaN
 NaN
 NaN
 NaN
 NaN
 NaN
 NaN
 NaN
 NaN
 NaN
 NaN
 NaN
 NaN
 NaN
 NaN
 NaN
 NaN
 NaN
 NaN
 NaN
 NaN
 NaN
 NaN
 NaN
 NaN
 NaN
 NaN
 NaN
 NaN
 NaN
 NaN
 NaN
 NaN
 NaN
 NaN
 NaN
 NaN
 NaN
 NaN
 NaN
 NaN
 NaN
 NaN
 NaN
 NaN
 NaN
 NaN
 NaN
 NaN
 NaN
 NaN
 NaN
 NaN
 NaN
 NaN
 NaN
 NaN
 NaN
 NaN
 NaN
 NaN
 NaN
 NaN
 NaN
 NaN
 NaN
 NaN
 NaN
 NaN
 NaN
 NaN
 NaN
 NaN
 NaN
 NaN
 NaN
 NaN
 NaN
 NaN
 NaN
 NaN
 NaN
 NaN
 NaN
 NaN
 NaN
 NaN
 NaN
 NaN
 NaN
 NaN
 NaN
 NaN
 NaN
 NaN
 NaN
 NaN
 NaN
 NaN
 NaN
 NaN
 NaN
 NaN
 NaN
 NaN
 NaN
 NaN
 NaN
 NaN
 NaN
 NaN
 NaN
 NaN
 NaN
 NaN
 NaN
 NaN
 NaN
 NaN
 NaN
 NaN
 NaN
 NaN
 NaN
 NaN
 NaN
 NaN
 NaN
 NaN
 NaN
 NaN
 NaN
 NaN
 NaN
 NaN
 NaN
 NaN
 NaN
 NaN
 NaN
 NaN
 NaN
 NaN
 NaN
 NaN
 NaN
 NaN
 NaN
 NaN
 NaN
 NaN
 NaN
 NaN
 NaN
 NaN
 NaN
 NaN
 NaN
 NaN
 NaN
 NaN
 NaN
 NaN
 NaN
 NaN
 NaN
 NaN
 NaN
 NaN
 NaN
 NaN
 NaN
 NaN
 NaN
 NaN
 NaN
 NaN
 NaN
 NaN
 NaN
 NaN
 NaN
 NaN
 NaN
 NaN
 NaN
 NaN
 NaN
 NaN
 NaN
 NaN
 NaN
 NaN
 NaN
 NaN
 NaN
 NaN
 NaN
 NaN
 NaN
 NaN
 NaN
 NaN
 NaN
 NaN
 NaN
 NaN
 NaN
 NaN
 NaN
 NaN
 NaN
 NaN
 NaN
 NaN
 NaN
 NaN
 NaN
 NaN
 NaN
 NaN
 NaN
 NaN
 NaN
 NaN
 NaN
 NaN
 NaN
 NaN
 NaN
 NaN
 NaN
 NaN
 NaN
 NaN
 NaN
 NaN
 NaN
 NaN
 NaN
 NaN
 NaN
 NaN
 NaN
 NaN
 NaN
 NaN
 NaN
 NaN
 NaN
 NaN
 NaN
 NaN
 NaN
 NaN
 NaN
 NaN
 NaN
 NaN
 NaN
 NaN
 NaN
 NaN
 NaN
 NaN
 NaN
 NaN
 NaN
 NaN
 NaN
 NaN
 NaN
 NaN
 NaN
 NaN
 NaN
 NaN
 NaN
 NaN
 NaN
 NaN
 NaN
 NaN
 NaN
 NaN
 NaN
 NaN
 NaN
 NaN
 NaN
 NaN
 NaN
 NaN
 NaN
 NaN
 NaN
 NaN
 NaN
 NaN
 NaN
 NaN
 NaN
 NaN
 NaN
 NaN
 NaN
 NaN
 NaN
 NaN
 NaN
 NaN
 NaN
 NaN
 NaN
 NaN
 NaN
 NaN
 NaN
 NaN
 NaN
 NaN
 NaN
 NaN
 NaN
 NaN
 NaN
 NaN
 NaN
 NaN
 NaN
 NaN
 NaN
 NaN
 NaN
 NaN
 NaN
 NaN
 NaN
 NaN
 NaN
 NaN
 NaN
 NaN
 NaN
 NaN
 NaN
 NaN
 NaN
 NaN
 NaN
 NaN
 NaN
 NaN
 NaN
 NaN
 NaN
 NaN
 NaN
 NaN
 NaN
 NaN
 NaN
 NaN
 NaN
 NaN
 NaN
 NaN
 NaN
 NaN
 NaN
 NaN
 NaN
 NaN
 NaN
 NaN
 NaN
 NaN
 NaN
 NaN
 NaN
 NaN
 NaN
 NaN
 NaN
 NaN
 NaN
 NaN
 NaN
 NaN
 NaN
 NaN
 NaN
 NaN
 NaN
 NaN
 NaN
 NaN
 NaN
 NaN
 NaN
 NaN
 NaN
 NaN
 NaN
 NaN
 NaN
 NaN
 NaN
 NaN
 NaN
 NaN
 NaN
 NaN
 NaN
 NaN
 NaN
 NaN
 NaN
 NaN
 NaN
 NaN
 NaN
 NaN
 NaN
 NaN
 NaN
 NaN
 NaN
 NaN
 NaN
 NaN
 NaN
 NaN
 NaN
 NaN
 NaN
 NaN
 NaN
 NaN
 NaN
 NaN
 NaN
 NaN
 NaN
 NaN
 NaN
 NaN
 NaN
 NaN
 NaN
 NaN
 NaN
 NaN
 NaN
 NaN
 NaN
 NaN
 NaN
 NaN
 NaN
 NaN
 NaN
 NaN
 NaN
 NaN
 NaN
 NaN
 NaN
 NaN
 NaN
 NaN
 NaN
 NaN
 NaN
 NaN
 NaN
 NaN
 NaN
 NaN
 NaN
 NaN
 NaN
 NaN
 NaN
 NaN
 NaN
 NaN
 NaN
 NaN
 NaN
 NaN
 NaN
 NaN
 NaN
 NaN
 NaN
 NaN
 NaN
 NaN
 NaN
 NaN
 NaN
 NaN
 NaN
 NaN
 NaN
 NaN
 NaN
 NaN
 NaN
 NaN
 NaN
 NaN
 NaN
 NaN
 NaN
 NaN
 NaN
 NaN
 NaN
 NaN
 NaN
 NaN
 NaN
 NaN
 NaN
 NaN
 NaN
 NaN
 NaN
 NaN
 NaN
 NaN
 NaN
 NaN
 NaN
 NaN
 NaN
 NaN
 NaN
 NaN
 NaN
 NaN
 NaN
 NaN
 NaN
 NaN
 NaN
 NaN
 NaN
 NaN
 NaN
 NaN
 NaN
 NaN
 NaN
 NaN
 NaN
 NaN
 NaN
 NaN
 NaN
 NaN
 NaN
 NaN
 NaN
 NaN
 NaN
 NaN
 NaN
 NaN
 NaN
 NaN
 NaN
 NaN
 NaN
 NaN
 NaN
 NaN
 NaN
 NaN
 NaN
 NaN
 NaN
 NaN
 NaN
 NaN
 NaN
 NaN
 NaN
 NaN
 NaN
 NaN
 NaN
 NaN
 NaN
 NaN
 NaN
 NaN
 NaN
 NaN
 NaN
 NaN
 NaN
 NaN
 NaN
 NaN
 NaN
 NaN
 NaN
 NaN
 NaN
 NaN
 NaN
 NaN
 NaN
 NaN
 NaN
 NaN
 NaN
 NaN
 NaN
 NaN
 NaN
 NaN
 NaN
 NaN
 NaN
 NaN
 NaN
 NaN
 NaN
 NaN
 NaN
 NaN
 NaN
 NaN
 NaN
 NaN
 NaN
 NaN
 NaN
 NaN
 NaN
 NaN
 NaN
 1.81126673e+02
 NaN
 9.94482965e+01
 4.14815781e+01
 2.51395428e+00
 NaN
 2.47767994e+00
 5.93834302e+00
 NaN
 2.88590682e-01
 8.44407054e+00
 1.47362216e+01
 2.05003008e+02
 1.66212054e+01
 1.12374282e+01
 1.06591392e+01
 1.43425853e+01
 1.63056854e+01
 3.16311362e+00
 1.88503281e+01
 4.34029861e+00
 1.86139736e+01
 1.27272773e+01
 1.19462378e+01
 1.32693532e+01
 1.37538380e+01
 4.94846012e+00
 1.87603604e+01
 1.35063311e+01
 1.33090469e+01
 1.32612450e+01
 1.34646056e+01
 1.34367402e+01
 1.33186915e+01
 1.39258966e+01
 1.46093900e+01
 1.38544338e+01
 1.26190746e+01
 1.45550200e+01
 1.37050144e+01
 1.28519830e+01
 1.40168356e+01
 1.37566021e+01
 1.27210573e+01
 1.30524207e+01
 NaN
 2.58755625e+01
 1.44664573e+01
 5.37939624e+00
 1.89025692e+01
 1.38876093e+01
 1.37215771e+01
 1.38676970e+01
 1.22695450e+01
 1.31675956e+01
 1.40087776e+01
 1.30453934e+01
 1.35173157e+01
 1.37321252e+01
 1.37344539e+01
 1.40565852e+01
 1.39084566e+01
 6.12893047e+00
 1.90245251e+01
 1.41816374e+01
 1.32484337e+01
 1.40595641e+01
 1.26649367e+01
 1.26256045e+01
 1.43585707e+01
 1.40320849e+01
 1.28911178e+01
 1.24445394e+01
 1.42320156e+01
 1.43815057e+01
 6.75970620e+00
 1.89545944e+01
 6.72732558e+01
 2.00564788e+01
 1.32541934e+01
 1.46533808e+01
 6.67887906e+00
 1.88676480e+01
 1.31544180e+01
 1.44903086e+01
 1.36522965e+01
 1.36864657e+01
 1.37070973e+01
 5.34096841e+00
 1.87824746e+01
 1.33434900e+01
 1.36213697e+01
 1.32786148e+01
 1.44965507e+01
 1.32367810e+01
 1.40615088e+01
 1.36865115e+01
 1.42314189e+01
 5.94138103e+00
 1.87687469e+01
 1.42386896e+01
 7.08814307e+00
 1.91275185e+01
 1.33896295e+01
 1.33408564e+01
 1.40852689e+01
 1.35931766e+01
 1.43151491e+01
 1.34175346e+01
 1.42822289e+01
 1.43325737e+01
 1.26577382e+01
 1.31006399e+01
 1.36663267e+01
 1.39233289e+01
 1.39957282e+01
 1.27727217e+01
 1.29379543e+01
 1.26766419e+01
 8.89773633e+00
 1.89008924e+01
 1.39930005e+01
 1.40088356e+01
 1.35801823e+01
 1.40606600e+01
 1.27366526e+01
 1.40939191e+01
 3.88434263e+00
 1.82343250e+01
 1.23399062e+01
 1.19832952e+01
 1.40563205e+01
 1.35893948e+01
 3.60726526e+01
 1.84925112e+01
 8.73293252e+00
 1.30514990e+01
 1.19591490e+01
 1.32305106e+01
 3.53973887e+00
 1.73343535e+01
 1.29949815e+01
 1.28282319e+01
 1.39100697e+01
 1.23928077e+01
 1.25831112e+01
 1.26338046e+01
 1.41488907e+01
 3.93754786e+00
 1.81997758e+01
 1.13295813e+01
 1.43790628e+01
 1.38688100e+01
 6.54064836e+00
 1.77698735e+01
 1.21651150e+01
 1.23633376e+01
 1.16608978e+01
 1.82807879e+01
 3.23999583e+00
 1.80236851e+01
 1.28873276e+01
 1.11053730e+01
 1.33870444e+01
 1.44162529e+01
 9.45579397e+00
 1.86382860e+01
 1.38216184e+01
 1.30586875e+01
 1.41697621e+01
 1.31317738e+01
 1.32829043e+01
 1.34522124e+01
 1.29073479e+01
 1.42990085e+01
 1.39839401e+01
 1.39133814e+01
 1.49279071e+01
 1.41254368e+01
 1.33663971e+01
 1.46681904e+01
 6.21179949e+00
 1.90493530e+01
 1.51175211e+01
 1.48550778e+01
 7.92545289e+00
 1.96166498e+01
 1.51727312e+01
 1.50283178e+01
 6.74121654e+01
 2.07631338e+01
 1.24726473e+01
 1.37088513e+01
 1.41235582e+01
 1.35560301e+01
 1.40518306e+01
 1.48873700e+01
 3.14225326e+00
 1.99984052e+01
 1.43257732e+01
 1.42612754e+01
 1.50475157e+01
 8.15196395e+00
 1.93457609e+01
 1.43116269e+01
 1.37370206e+01
 1.47831752e+01
 1.41231960e+01
 1.45177611e+01
 1.34613210e+01
 1.23619252e+01
 1.44880704e+01
 1.47213548e+01
 1.38918538e+01
 1.34344560e+01
 1.46407583e+01
 1.38626706e+01
 1.46210571e+01
 9.09561038e+00
 1.83551155e+01
 1.36638494e+01
 3.25687797e+01
 1.81745752e+01
 1.30357546e+01
 1.13730742e+01
 1.28849867e+01
 1.19819354e+01
 1.24133077e+01
 1.27570382e+01
 1.32097014e+01
 1.38443210e+01
 1.32964272e+01
 1.23434769e+01
 1.30907712e+01
 1.27674705e+01
 1.30856078e+01
 1.19470603e+01
 1.21670946e+01
 1.34177584e+01
 1.37307708e+01
 1.35476298e+01
 1.35690343e+01
 1.39317340e+01
 1.39366140e+01
 1.38392976e+01
 1.41568576e+01
 1.31665714e+01
 3.68136901e+00
 1.82820595e+01
 3.39989078e+00
 1.79638985e+01
 1.17254465e+01
 1.35961577e+01
 1.26736403e+01
 1.23209630e+01
 1.09422572e+01
 NaN
 2.37271149e+01
 1.04830036e+01
 1.32946122e+01
 1.21863222e+01
 3.82297237e+00
 1.82602976e+01
 1.34090394e+01
 1.23974275e+01
 1.36362465e+01
 8.88605606e+01
 1.91132417e+01
 1.33081811e+01
 1.07075605e+01
 1.27606814e+01
 3.13755390e+01
 1.81329583e+01
 1.41068083e+01
 3.24136086e+00
 1.79542315e+01
 1.22516533e+01
 1.30220117e+01
 1.20184769e+01
 1.33609757e+01
 1.36214462e+01
 1.40135037e+01
 1.39896414e+01
 1.33749327e+01
 1.34954878e+01
 1.44233269e+01
 3.17367432e+00
 1.79381102e+01
 3.26739413e+00
 1.77396672e+01
 1.32039161e+01
 1.34069675e+01
 1.32778117e+01
 1.44589651e+01
 1.37888840e+01
 1.39055001e+01
 1.41245294e+01
 1.36379405e+01
 1.29221935e+01
 1.31056285e+01
 1.51278191e+01
 1.49452981e+01
 1.31234080e+01
 1.44452517e+01
 6.26041846e+00
 NaN
 2.50147397e+01
 1.47602676e+01
 1.37027238e+02
 2.08329189e+01
 1.32522785e+01
 1.52451078e+01
 1.43559341e+01
 1.41771829e+01
 1.39777146e+01
 3.49696447e+00
 1.96250077e+01
 1.46261602e+01
 1.52323017e+01
 1.43120871e+01
 7.28260477e+00
 1.95683178e+01
 1.42744302e+01
 1.55558660e+01
 1.39390527e+01
 1.44399821e+01
 5.98958354e+00
 1.91319991e+01
 3.52072767e+00
 NaN
 2.37608509e+01
 1.47292927e+01
 1.28164483e+01
 1.41932153e+01
 1.40278089e+01
 1.41119759e+01
 1.31810475e+01
 1.34084377e+01
 1.24885475e+01
 1.40927240e+01
 1.45155360e+01
 1.49644898e+01
 1.51103836e+01
 7.70871883e+00
 1.96400361e+01
 1.41712189e+01
 1.44667989e+01
 1.42421411e+01
 1.43496317e+01
 8.19184238e+00
 1.97436896e+01
 1.42981907e+01
 1.50240673e+01
 1.51816885e+01
 8.14578385e+00
 4.84997525e+00
 1.97781609e+01
 1.48226632e+01
 3.38665557e+00
 2.00004809e+01
 1.50107157e+01
 1.43223353e+01
 1.30659580e+01
 1.37612090e+01
 1.17819019e+01
 1.47386597e+01
 1.56488895e+01
 1.55604767e+01
 1.58715398e+01
 5.53165869e+00
 1.99277572e+01
 1.40158342e+01
 1.43114679e+01
 1.35470997e+01
 1.36128794e+01
 1.52511730e+01
 1.50658894e+01
 1.43143199e+01
 9.15946492e+00
 1.98869183e+01
 1.43393263e+01
 1.51106088e+01
 1.52310205e+01
 1.40354702e+01
 1.49677722e+01
 1.46194643e+01
 1.22514613e+01
 1.49019186e+01
 7.63930647e+00
 1.91215289e+01
 1.47522172e+01
 1.56247601e+01
 1.51117437e+01
 7.07428363e+00
 1.96964793e+01
 3.29002323e+00
 2.02007589e+01
 1.48180876e+01
 1.42121944e+01
 1.49187425e+01
 1.53821998e+01
 1.60663673e+01
 1.00896831e+01
 2.00938363e+01
 2.41936370e+01
 2.12540693e+01
 1.51435505e+01
 1.46830438e+01
 1.33378882e+01
 1.52703295e+01
 1.44504940e+01
 1.53825600e+01
 3.85367012e+00
 2.08964654e+01
 1.50429395e+01
 7.67086444e+00
 2.04784331e+01
 1.42269307e+01
 1.59013343e+01
 1.57194693e+01
 1.50766856e+01
 2.10211660e+01
 1.48612333e+01
 1.51126601e+01
 1.54615899e+01
 5.70869965e+00
 2.04084842e+01
 1.42253531e+01
 1.45860944e+01
 1.46721956e+01
 1.43833142e+01
 1.46632211e+01
 1.49738664e+01
 1.47349583e+01
 1.53634404e+01
 1.34083773e+01
 1.16019488e+01
 1.37134616e+01
 1.49100809e+01
 1.47259113e+01
 1.50612205e+01
 1.45248418e+01
 1.45984613e+01
 9.25780221e+00
 1.99560651e+01
 1.41468935e+01
 1.54333451e+01
 1.48547324e+01
 1.48605931e+01
 1.47997932e+01
 1.52463066e+01
 7.57037488e+00
 1.90371673e+01
 4.32172977e+00
 1.91351046e+01
 1.42757476e+01
 1.38733781e+01
 7.48539494e+01
 2.03441116e+01
 1.43380420e+01
 1.39936542e+01
 1.47919088e+01
 1.24742596e+01
 1.37357847e+01
 7.17533439e+00
 1.90732928e+01
 1.48443054e+01
 1.39272180e+01
 1.36494008e+01
 4.57576479e+00
 1.92515719e+01
 1.52750081e+01
 2.18424801e+01
 2.00783244e+01
 1.49694070e+01
 1.43314150e+01
 1.44161395e+01
 1.47565582e+01
 1.71272627e+01
 1.89914076e+01
 4.24618083e+00
 1.82433448e+01
 1.36266619e+01
 1.24762981e+01
 1.29834991e+01
 1.28545904e+01
 1.40706546e+01
 1.45220857e+01
 1.38384866e+01
 1.35810263e+01
 1.26828458e+01
 1.37882449e+01
 1.59424238e+01
 1.15033828e+01
 1.17134770e+01
 1.15495510e+01
 1.06205346e+01
 9.76067815e+00
 8.76788542e+00
 NaN
 1.39171086e+01
 1.06478238e+01
 1.00099296e+01
 1.04744120e+01
 1.11572674e+01
 1.26065551e+01
 1.22966881e+01
 1.33392543e+01
 1.34676717e+01
 1.34566126e+01
 1.29713369e+01
 1.43263924e+01
 1.49225360e+01
 1.49974632e+01
 1.49241326e+01
 1.40002905e+01
 1.28195007e+01
 1.42109350e+01
 3.19129637e+00
 1.94664171e+01
 1.42666036e+01
 1.39190812e+01
 1.43448235e+01
 1.30799169e+01
 1.31516647e+01
 1.44931623e+01
 1.43705069e+01
 1.41484817e+01
 1.41414105e+01
 1.39343721e+01
 1.35119857e+01
 1.42831185e+01
 1.42773999e+01
 2.86521533e+02
 2.00458186e+01
 1.45159239e+01
 1.37522736e+01
 1.47285165e+01
 5.85056953e+00
 1.92109261e+01
 4.77573162e+00
 1.88760995e+01
 1.40602158e+01
 1.46936054e+01
 1.46602657e+01
 1.41540328e+01
 1.40354728e+01
 1.35356345e+01
 1.28458590e+01
 1.30990996e+01
 1.17509079e+01
 1.28434629e+01
 1.73800991e+01
 1.59258474e+01
 1.01417518e+01
 1.15878081e+01
 1.09079976e+01
 9.43957358e+00
 8.95044758e+00
 1.11495445e+01
 1.06617061e+01
 1.08775270e+01
 1.04156660e+01
 6.69891182e+00
 1.00599379e+01
 1.21301611e+01
 1.10609055e+01
 1.01786910e+01
 1.08232170e+01
 1.14685430e+01
 1.14675213e+01
 1.23872246e+01
 1.29484988e+01
 1.26067519e+01
 1.29533527e+01
 1.36622560e+01
 1.46190861e+01
 1.40492569e+01
 1.47344339e+01
 1.46794873e+01
 6.00186654e+00
 1.89011655e+01
 1.48484180e+01
 1.47345124e+01
 3.25856972e+00
 1.97499646e+01
 1.43392204e+01
 1.38319702e+01
 1.29735356e+01
 1.32723566e+01
 1.30221584e+01
 1.46428704e+01
 8.35298269e+00
 1.96245129e+01
 1.36563666e+01
 1.51365713e+01
 1.48991084e+01
 1.41269286e+01
 1.41292281e+01
 1.38287025e+01
 1.39870127e+01
 1.47258424e+01
 1.47746157e+01
